0.000000000000000000e+00 1.728427180571423605e+03
1.000000000000000000e+01 1.728340409181616678e+03
2.000000000000000000e+01 1.728253637791809751e+03
3.000000000000000000e+01 1.728166866402002825e+03
4.000000000000000000e+01 1.728360403490419003e+03
5.000000000000000000e+01 1.728553940578835181e+03
6.000000000000000000e+01 1.728747477667251360e+03
7.000000000000000000e+01 1.729114809995072619e+03
8.000000000000000000e+01 1.729482142322894106e+03
9.000000000000000000e+01 1.729849474650715365e+03
1.000000000000000000e+02 1.730307794942591272e+03
1.100000000000000000e+02 1.730766115234467406e+03
1.200000000000000000e+02 1.731224435526343314e+03
1.300000000000000000e+02 1.731712161352537805e+03
1.400000000000000000e+02 1.732199887178732070e+03
1.500000000000000000e+02 1.732687613004926561e+03
1.600000000000000000e+02 1.733161905663465177e+03
1.700000000000000000e+02 1.733636198322003565e+03
1.800000000000000000e+02 1.734110490980542181e+03
1.900000000000000000e+02 1.734544774379359524e+03
2.000000000000000000e+02 1.734979057778177093e+03
2.100000000000000000e+02 1.735413341176994436e+03
2.200000000000000000e+02 1.735794820716081631e+03
2.300000000000000000e+02 1.736176300255169053e+03
2.400000000000000000e+02 1.736557779794256248e+03
2.500000000000000000e+02 1.736884961247808178e+03
2.600000000000000000e+02 1.737212142701359880e+03
2.700000000000000000e+02 1.737539324154911810e+03
2.800000000000000000e+02 1.737819532552962073e+03
2.900000000000000000e+02 1.738099740951012109e+03
3.000000000000000000e+02 1.738379949349062372e+03
3.100000000000000000e+02 1.738653049805768887e+03
3.200000000000000000e+02 1.738926150262475630e+03
3.300000000000000000e+02 1.739199250719182146e+03
3.400000000000000000e+02 1.739406184264106741e+03
3.500000000000000000e+02 1.739613117809031337e+03
3.600000000000000000e+02 1.739820051353955932e+03
3.700000000000000000e+02 1.740107644857394234e+03
3.800000000000000000e+02 1.740395238360832309e+03
3.900000000000000000e+02 1.740682831864270611e+03
4.000000000000000000e+02 1.740935041177540143e+03
4.100000000000000000e+02 1.741187250490809902e+03
4.200000000000000000e+02 1.741439459804079434e+03
4.300000000000000000e+02 1.741681450676112718e+03
4.400000000000000000e+02 1.741923441548145775e+03
4.500000000000000000e+02 1.742165432420179059e+03
4.600000000000000000e+02 1.742482134057346457e+03
4.700000000000000000e+02 1.742798835694514082e+03
4.800000000000000000e+02 1.743115537331681480e+03
4.900000000000000000e+02 1.743460462986730136e+03
5.000000000000000000e+02 1.743805388641779018e+03
5.100000000000000000e+02 1.744150314296827673e+03
5.200000000000000000e+02 1.744539240526331241e+03
5.300000000000000000e+02 1.744928166755835036e+03
5.400000000000000000e+02 1.745317092985338604e+03
5.500000000000000000e+02 1.745762948537472994e+03
5.600000000000000000e+02 1.746208804089607611e+03
5.700000000000000000e+02 1.746654659641742001e+03
5.800000000000000000e+02 1.747038158432463888e+03
5.900000000000000000e+02 1.747421657223185775e+03
6.000000000000000000e+02 1.747805156013907663e+03
6.100000000000000000e+02 1.748195612366598198e+03
6.200000000000000000e+02 1.748586068719288733e+03
6.300000000000000000e+02 1.748976525071979268e+03
6.400000000000000000e+02 1.749560677240471023e+03
6.500000000000000000e+02 1.750144829408962551e+03
6.600000000000000000e+02 1.750728981577454306e+03
6.700000000000000000e+02 1.751199252923509221e+03
6.800000000000000000e+02 1.751669524269564363e+03
6.900000000000000000e+02 1.752139795615619278e+03
7.000000000000000000e+02 1.752679465594469320e+03
7.100000000000000000e+02 1.753219135573319136e+03
7.200000000000000000e+02 1.753758805552169179e+03
7.300000000000000000e+02 1.754243974045740742e+03
7.400000000000000000e+02 1.754729142539312306e+03
7.500000000000000000e+02 1.755214311032883870e+03
7.600000000000000000e+02 1.755724023652377809e+03
7.700000000000000000e+02 1.756233736271871521e+03
7.800000000000000000e+02 1.756743448891365460e+03
7.900000000000000000e+02 1.757379757486398148e+03
8.000000000000000000e+02 1.758016066081430608e+03
8.100000000000000000e+02 1.758652374676463296e+03
8.200000000000000000e+02 1.759375844516813004e+03
8.300000000000000000e+02 1.760099314357162939e+03
8.400000000000000000e+02 1.760822784197512647e+03
8.500000000000000000e+02 1.761723343539146754e+03
8.600000000000000000e+02 1.762623902880780861e+03
8.700000000000000000e+02 1.763524462222414968e+03
8.800000000000000000e+02 1.764197197916511413e+03
8.900000000000000000e+02 1.764869933610607859e+03
9.000000000000000000e+02 1.765542669304704305e+03
9.100000000000000000e+02 1.766132818239326753e+03
9.200000000000000000e+02 1.766722967173949201e+03
9.300000000000000000e+02 1.767313116108571649e+03
9.400000000000000000e+02 1.767768147216207808e+03
9.500000000000000000e+02 1.768223178323844195e+03
9.600000000000000000e+02 1.768678209431480354e+03
9.700000000000000000e+02 1.769150462905863833e+03
9.800000000000000000e+02 1.769622716380247539e+03
9.900000000000000000e+02 1.770094969854631017e+03
1.000000000000000000e+03 1.770426230346125294e+03
1.010000000000000000e+03 1.770757490837619798e+03
1.020000000000000000e+03 1.771088751329114075e+03
1.030000000000000000e+03 1.771497178324880679e+03
1.040000000000000000e+03 1.771905605320647282e+03
1.050000000000000000e+03 1.772314032316413886e+03
1.060000000000000000e+03 1.772561256232550704e+03
1.070000000000000000e+03 1.772808480148687295e+03
1.080000000000000000e+03 1.773055704064824113e+03
1.090000000000000000e+03 1.773129561115063325e+03
1.100000000000000000e+03 1.773203418165302537e+03
1.110000000000000000e+03 1.773277275215541749e+03
1.120000000000000000e+03 1.773328978110524304e+03
1.130000000000000000e+03 1.773380681005507086e+03
1.140000000000000000e+03 1.773432383900489640e+03
1.150000000000000000e+03 1.773603255893138567e+03
1.160000000000000000e+03 1.773774127885787266e+03
1.170000000000000000e+03 1.773944999878436192e+03
1.180000000000000000e+03 1.774130104738390628e+03
1.190000000000000000e+03 1.774315209598345291e+03
1.200000000000000000e+03 1.774500314458299727e+03
1.210000000000000000e+03 1.775046784008402255e+03
1.220000000000000000e+03 1.775593253558504557e+03
1.230000000000000000e+03 1.776139723108607086e+03
1.240000000000000000e+03 1.776658342560373967e+03
1.250000000000000000e+03 1.777176962012140848e+03
1.260000000000000000e+03 1.777695581463907729e+03
1.270000000000000000e+03 1.777985979131864269e+03
1.280000000000000000e+03 1.778276376799821037e+03
1.290000000000000000e+03 1.778566774467777577e+03
1.300000000000000000e+03 1.778736333105802032e+03
1.310000000000000000e+03 1.778905891743826260e+03
1.320000000000000000e+03 1.779075450381850715e+03
1.330000000000000000e+03 1.779473646484049596e+03
1.340000000000000000e+03 1.779871842586248704e+03
1.350000000000000000e+03 1.780270038688447585e+03
1.360000000000000000e+03 1.780785090907020276e+03
1.370000000000000000e+03 1.781300143125592967e+03
1.380000000000000000e+03 1.781815195344165659e+03
1.390000000000000000e+03 1.782495042698067437e+03
1.400000000000000000e+03 1.783174890051969442e+03
1.410000000000000000e+03 1.783854737405871219e+03
1.420000000000000000e+03 1.784562026079483303e+03
1.430000000000000000e+03 1.785269314753095159e+03
1.440000000000000000e+03 1.785976603426707243e+03
1.450000000000000000e+03 1.786743302864231509e+03
1.460000000000000000e+03 1.787510002301756003e+03
1.470000000000000000e+03 1.788276701739280270e+03
1.480000000000000000e+03 1.789013131862069713e+03
1.490000000000000000e+03 1.789749561984859156e+03
1.500000000000000000e+03 1.790485992107648599e+03
1.510000000000000000e+03 1.790839111118097435e+03
1.520000000000000000e+03 1.791192230128546498e+03
1.530000000000000000e+03 1.791545349138995334e+03
1.540000000000000000e+03 1.791583895742338882e+03
1.550000000000000000e+03 1.791622442345682202e+03
1.560000000000000000e+03 1.791660988949025750e+03
1.570000000000000000e+03 1.791616002030734307e+03
1.580000000000000000e+03 1.791571015112442865e+03
1.590000000000000000e+03 1.791526028194151422e+03
1.600000000000000000e+03 1.791505526006264290e+03
1.610000000000000000e+03 1.791485023818376931e+03
1.620000000000000000e+03 1.791464521630489799e+03
1.630000000000000000e+03 1.791716684154090899e+03
1.640000000000000000e+03 1.791968846677692227e+03
1.650000000000000000e+03 1.792221009201293327e+03
1.660000000000000000e+03 1.792235446443670980e+03
1.670000000000000000e+03 1.792249883686048861e+03
1.680000000000000000e+03 1.792264320928426514e+03
1.690000000000000000e+03 1.792286899272013670e+03
1.700000000000000000e+03 1.792309477615600827e+03
1.710000000000000000e+03 1.792332055959187983e+03
1.720000000000000000e+03 1.792449447891691989e+03
1.730000000000000000e+03 1.792566839824195995e+03
1.740000000000000000e+03 1.792684231756700001e+03
1.750000000000000000e+03 1.793009723771677272e+03
1.760000000000000000e+03 1.793335215786654771e+03
1.770000000000000000e+03 1.793660707801632043e+03
1.780000000000000000e+03 1.794360421085337748e+03
1.790000000000000000e+03 1.795060134369043681e+03
1.800000000000000000e+03 1.795759847652749386e+03
1.810000000000000000e+03 1.796789063261152705e+03
1.820000000000000000e+03 1.797818278869556252e+03
1.830000000000000000e+03 1.798847494477959572e+03
1.840000000000000000e+03 1.799662792392055280e+03
1.850000000000000000e+03 1.800478090306151216e+03
1.860000000000000000e+03 1.801293388220246925e+03
1.870000000000000000e+03 1.802095459759137839e+03
1.880000000000000000e+03 1.802897531298028525e+03
1.890000000000000000e+03 1.803699602836919439e+03
1.900000000000000000e+03 1.804087512596119268e+03
1.910000000000000000e+03 1.804475422355319097e+03
1.920000000000000000e+03 1.804863332114518926e+03
1.930000000000000000e+03 1.805346795819718636e+03
1.940000000000000000e+03 1.805830259524918119e+03
1.950000000000000000e+03 1.806313723230117830e+03
1.960000000000000000e+03 1.806565404668881229e+03
1.970000000000000000e+03 1.806817086107644855e+03
1.980000000000000000e+03 1.807068767546408253e+03
1.990000000000000000e+03 1.807281698294387525e+03
2.000000000000000000e+03 1.807494629042366796e+03
2.010000000000000000e+03 1.807707559790346068e+03
2.020000000000000000e+03 1.807996371535769413e+03
2.030000000000000000e+03 1.808285183281192758e+03
2.040000000000000000e+03 1.808573995026616103e+03
2.050000000000000000e+03 1.808991988998330271e+03
2.060000000000000000e+03 1.809409982970044211e+03
2.070000000000000000e+03 1.809827976941758379e+03
2.080000000000000000e+03 1.810570578689130343e+03
2.090000000000000000e+03 1.811313180436502307e+03
2.100000000000000000e+03 1.812055782183874271e+03
2.110000000000000000e+03 1.812707036521532928e+03
2.120000000000000000e+03 1.813358290859191584e+03
2.130000000000000000e+03 1.814009545196850240e+03
2.140000000000000000e+03 1.814715800199878686e+03
2.150000000000000000e+03 1.815422055202907131e+03
2.160000000000000000e+03 1.816128310205935577e+03
2.170000000000000000e+03 1.816923530402941878e+03
2.180000000000000000e+03 1.817718750599947953e+03
2.190000000000000000e+03 1.818513970796954254e+03
2.200000000000000000e+03 1.819395081715402966e+03
2.210000000000000000e+03 1.820276192633851451e+03
2.220000000000000000e+03 1.821157303552300164e+03
2.230000000000000000e+03 1.822232895961812801e+03
2.240000000000000000e+03 1.823308488371325666e+03
2.250000000000000000e+03 1.824384080780838303e+03
2.260000000000000000e+03 1.825121605205697961e+03
2.270000000000000000e+03 1.825859129630557618e+03
2.280000000000000000e+03 1.826596654055417275e+03
2.290000000000000000e+03 1.827316673588075219e+03
2.300000000000000000e+03 1.828036693120732934e+03
2.310000000000000000e+03 1.828756712653390878e+03
2.320000000000000000e+03 1.829012733000267417e+03
2.330000000000000000e+03 1.829268753347143956e+03
2.340000000000000000e+03 1.829524773694020496e+03
2.350000000000000000e+03 1.829553725230902273e+03
2.360000000000000000e+03 1.829582676767783823e+03
2.370000000000000000e+03 1.829611628304665601e+03
2.380000000000000000e+03 1.829914594471243163e+03
2.390000000000000000e+03 1.830217560637820725e+03
2.400000000000000000e+03 1.830520526804398287e+03
2.410000000000000000e+03 1.830359725826376234e+03
2.420000000000000000e+03 1.830198924848353954e+03
2.430000000000000000e+03 1.830038123870331901e+03
2.440000000000000000e+03 1.829895163704822835e+03
2.450000000000000000e+03 1.829752203539313541e+03
2.460000000000000000e+03 1.829609243373804475e+03
2.470000000000000000e+03 1.829679568040226059e+03
2.480000000000000000e+03 1.829749892706647870e+03
2.490000000000000000e+03 1.829820217373069454e+03
2.500000000000000000e+03 1.829596447048784057e+03
2.510000000000000000e+03 1.829372676724498433e+03
2.520000000000000000e+03 1.829148906400213036e+03
2.530000000000000000e+03 1.828448457975594692e+03
2.540000000000000000e+03 1.827748009550976576e+03
2.550000000000000000e+03 1.827047561126358232e+03
2.560000000000000000e+03 1.825757878489704353e+03
2.570000000000000000e+03 1.824468195853050702e+03
2.580000000000000000e+03 1.823178513216396823e+03
2.590000000000000000e+03 1.822439003495979705e+03
2.600000000000000000e+03 1.821699493775562587e+03
2.610000000000000000e+03 1.820959984055145469e+03
2.620000000000000000e+03 1.820175362524897764e+03
2.630000000000000000e+03 1.819390740994650287e+03
2.640000000000000000e+03 1.818606119464402582e+03
2.650000000000000000e+03 1.818749315669447924e+03
2.660000000000000000e+03 1.818892511874493039e+03
2.670000000000000000e+03 1.819035708079538381e+03
2.680000000000000000e+03 1.819347131624056829e+03
2.690000000000000000e+03 1.819658555168575504e+03
2.700000000000000000e+03 1.819969978713093951e+03
2.710000000000000000e+03 1.820779104878040016e+03
2.720000000000000000e+03 1.821588231042986081e+03
2.730000000000000000e+03 1.822397357207932146e+03
2.740000000000000000e+03 1.822696114115586397e+03
2.750000000000000000e+03 1.822994871023240421e+03
2.760000000000000000e+03 1.823293627930894672e+03
2.770000000000000000e+03 1.823458048727437244e+03
2.780000000000000000e+03 1.823622469523980044e+03
2.790000000000000000e+03 1.823786890320522616e+03
2.800000000000000000e+03 1.823716978093528724e+03
2.810000000000000000e+03 1.823647065866534831e+03
2.820000000000000000e+03 1.823577153639540938e+03
2.830000000000000000e+03 1.823530913465728190e+03
2.840000000000000000e+03 1.823484673291915442e+03
2.850000000000000000e+03 1.823438433118102694e+03
2.860000000000000000e+03 1.823164290042635912e+03
2.870000000000000000e+03 1.822890146967168903e+03
2.880000000000000000e+03 1.822616003891702121e+03
2.890000000000000000e+03 1.822315757194634443e+03
2.900000000000000000e+03 1.822015510497566765e+03
2.910000000000000000e+03 1.821715263800499088e+03
2.920000000000000000e+03 1.821246471350336833e+03
2.930000000000000000e+03 1.820777678900174578e+03
2.940000000000000000e+03 1.820308886450012324e+03
2.950000000000000000e+03 1.819775819423211942e+03
2.960000000000000000e+03 1.819242752396411561e+03
2.970000000000000000e+03 1.818709685369611179e+03
2.980000000000000000e+03 1.817796737697403614e+03
2.990000000000000000e+03 1.816883790025195822e+03
3.000000000000000000e+03 1.815970842352988257e+03
3.010000000000000000e+03 1.815450846399824286e+03
3.020000000000000000e+03 1.814930850446660315e+03
3.030000000000000000e+03 1.814410854493496345e+03
3.040000000000000000e+03 1.814106907588133481e+03
3.050000000000000000e+03 1.813802960682770845e+03
3.060000000000000000e+03 1.813499013777407981e+03
3.070000000000000000e+03 1.813179341970457017e+03
3.080000000000000000e+03 1.812859670163505825e+03
3.090000000000000000e+03 1.812539998356554861e+03
3.100000000000000000e+03 1.812328631383041511e+03
3.110000000000000000e+03 1.812117264409527934e+03
3.120000000000000000e+03 1.811905897436014584e+03
3.130000000000000000e+03 1.811462788351750760e+03
3.140000000000000000e+03 1.811019679267487163e+03
3.150000000000000000e+03 1.810576570183223339e+03
3.160000000000000000e+03 1.810589235125129790e+03
3.170000000000000000e+03 1.810601900067036240e+03
3.180000000000000000e+03 1.810614565008942691e+03
3.190000000000000000e+03 1.811137880706855867e+03
3.200000000000000000e+03 1.811661196404769044e+03
3.210000000000000000e+03 1.812184512102682220e+03
3.220000000000000000e+03 1.813075530714006391e+03
3.230000000000000000e+03 1.813966549325330334e+03
3.240000000000000000e+03 1.814857567936654505e+03
3.250000000000000000e+03 1.816196762177037044e+03
3.260000000000000000e+03 1.817535956417419811e+03
3.270000000000000000e+03 1.818875150657802351e+03
3.280000000000000000e+03 1.820777773863207813e+03
3.290000000000000000e+03 1.822680397068613047e+03
3.300000000000000000e+03 1.824583020274018509e+03
3.310000000000000000e+03 1.826759686215126749e+03
3.320000000000000000e+03 1.828936352156234989e+03
3.330000000000000000e+03 1.831113018097343229e+03
3.340000000000000000e+03 1.833503776043334483e+03
3.350000000000000000e+03 1.835894533989325737e+03
3.360000000000000000e+03 1.838285291935316991e+03
3.370000000000000000e+03 1.840544107442040058e+03
3.380000000000000000e+03 1.842802922948763126e+03
3.390000000000000000e+03 1.845061738455486193e+03
3.400000000000000000e+03 1.847083756100812934e+03
3.410000000000000000e+03 1.849105773746139903e+03
3.420000000000000000e+03 1.851127791391466644e+03
3.430000000000000000e+03 1.853043667757922549e+03
3.440000000000000000e+03 1.854959544124378681e+03
3.450000000000000000e+03 1.856875420490834586e+03
3.460000000000000000e+03 1.858351283045925811e+03
3.470000000000000000e+03 1.859827145601017037e+03
3.480000000000000000e+03 1.861303008156108262e+03
3.490000000000000000e+03 1.862593185372007383e+03
3.500000000000000000e+03 1.863883362587906277e+03
3.510000000000000000e+03 1.865173539803805397e+03
3.520000000000000000e+03 1.866236590853587359e+03
3.530000000000000000e+03 1.867299641903369547e+03
3.540000000000000000e+03 1.868362692953151509e+03
3.550000000000000000e+03 1.869418414496652986e+03
3.560000000000000000e+03 1.870474136040154690e+03
3.570000000000000000e+03 1.871529857583656167e+03
3.580000000000000000e+03 1.872466560423646797e+03
3.590000000000000000e+03 1.873403263263637655e+03
3.600000000000000000e+03 1.874339966103628285e+03
3.610000000000000000e+03 1.875617190430053370e+03
3.620000000000000000e+03 1.876894414756478227e+03
3.630000000000000000e+03 1.878171639082903312e+03
3.640000000000000000e+03 1.879806003689683848e+03
3.650000000000000000e+03 1.881440368296464612e+03
3.660000000000000000e+03 1.883074732903245149e+03
3.670000000000000000e+03 1.885140726549656165e+03
3.680000000000000000e+03 1.887206720196066954e+03
3.690000000000000000e+03 1.889272713842477970e+03
3.700000000000000000e+03 1.891203482023224524e+03
3.710000000000000000e+03 1.893134250203970851e+03
3.720000000000000000e+03 1.895065018384717405e+03
3.730000000000000000e+03 1.896729969754145486e+03
3.740000000000000000e+03 1.898394921123573795e+03
3.750000000000000000e+03 1.900059872493001876e+03
3.760000000000000000e+03 1.901698983935364367e+03
3.770000000000000000e+03 1.903338095377726631e+03
3.780000000000000000e+03 1.904977206820089123e+03
3.790000000000000000e+03 1.906446478512558770e+03
3.800000000000000000e+03 1.907915750205028189e+03
3.810000000000000000e+03 1.909385021897497836e+03
3.820000000000000000e+03 1.910609906910296786e+03
3.830000000000000000e+03 1.911834791923095736e+03
3.840000000000000000e+03 1.913059676935894686e+03
3.850000000000000000e+03 1.914032230265430599e+03
3.860000000000000000e+03 1.915004783594966284e+03
3.870000000000000000e+03 1.915977336924502197e+03
3.880000000000000000e+03 1.916755890553587733e+03
3.890000000000000000e+03 1.917534444182673269e+03
3.900000000000000000e+03 1.918312997811758805e+03
3.910000000000000000e+03 1.918794690201287494e+03
3.920000000000000000e+03 1.919276382590816411e+03
3.930000000000000000e+03 1.919758074980345100e+03
3.940000000000000000e+03 1.920272992121668267e+03
3.950000000000000000e+03 1.920787909262991661e+03
3.960000000000000000e+03 1.921302826404314828e+03
3.970000000000000000e+03 1.921801044753640099e+03
3.980000000000000000e+03 1.922299263102965597e+03
3.990000000000000000e+03 1.922797481452290867e+03
4.000000000000000000e+03 1.923328544074841830e+03
4.010000000000000000e+03 1.923859606697393019e+03
4.020000000000000000e+03 1.924390669319943981e+03
4.030000000000000000e+03 1.924908069163399659e+03
4.040000000000000000e+03 1.925425469006855110e+03
4.050000000000000000e+03 1.925942868850310788e+03
4.060000000000000000e+03 1.926260454086121854e+03
4.070000000000000000e+03 1.926578039321933147e+03
4.080000000000000000e+03 1.926895624557744213e+03
4.090000000000000000e+03 1.927043066157605153e+03
4.100000000000000000e+03 1.927190507757466094e+03
4.110000000000000000e+03 1.927337949357327034e+03
4.120000000000000000e+03 1.927318116754395305e+03
4.130000000000000000e+03 1.927298284151463804e+03
4.140000000000000000e+03 1.927278451548532075e+03
4.150000000000000000e+03 1.927052138444450520e+03
4.160000000000000000e+03 1.926825825340369192e+03
4.170000000000000000e+03 1.926599512236287637e+03
4.180000000000000000e+03 1.926050977512423742e+03
4.190000000000000000e+03 1.925502442788559847e+03
4.200000000000000000e+03 1.924953908064695952e+03
4.210000000000000000e+03 1.924180003883950803e+03
4.220000000000000000e+03 1.923406099703205427e+03
4.230000000000000000e+03 1.922632195522460279e+03
4.240000000000000000e+03 1.921753115521811878e+03
4.250000000000000000e+03 1.920874035521163250e+03
4.260000000000000000e+03 1.919994955520514850e+03
4.270000000000000000e+03 1.919077368488809270e+03
4.280000000000000000e+03 1.918159781457103463e+03
4.290000000000000000e+03 1.917242194425397884e+03
4.300000000000000000e+03 1.916522962729931578e+03
4.310000000000000000e+03 1.915803731034465045e+03
4.320000000000000000e+03 1.915084499338998739e+03
4.330000000000000000e+03 1.914593349085723503e+03
4.340000000000000000e+03 1.914102198832448494e+03
4.350000000000000000e+03 1.913611048579173257e+03
4.360000000000000000e+03 1.913275260208252803e+03
4.370000000000000000e+03 1.912939471837332121e+03
4.380000000000000000e+03 1.912603683466411667e+03
4.390000000000000000e+03 1.912653897019389433e+03
4.400000000000000000e+03 1.912704110572367199e+03
4.410000000000000000e+03 1.912754324125344965e+03
4.420000000000000000e+03 1.913152243835298805e+03
4.430000000000000000e+03 1.913550163545252872e+03
4.440000000000000000e+03 1.913948083255206711e+03
4.450000000000000000e+03 1.914621527280270357e+03
4.460000000000000000e+03 1.915294971305334229e+03
4.470000000000000000e+03 1.915968415330397875e+03
4.480000000000000000e+03 1.916801743016113278e+03
4.490000000000000000e+03 1.917635070701828909e+03
4.500000000000000000e+03 1.918468398387544312e+03
4.510000000000000000e+03 1.919516259349228221e+03
4.520000000000000000e+03 1.920564120310912131e+03
4.530000000000000000e+03 1.921611981272596040e+03
4.540000000000000000e+03 1.922791443342234970e+03
4.550000000000000000e+03 1.923970905411873673e+03
4.560000000000000000e+03 1.925150367481512603e+03
4.570000000000000000e+03 1.926706208025748083e+03
4.580000000000000000e+03 1.928262048569983335e+03
4.590000000000000000e+03 1.929817889114218815e+03
4.600000000000000000e+03 1.931443260741008089e+03
4.610000000000000000e+03 1.933068632367797591e+03
4.620000000000000000e+03 1.934694003994586865e+03
4.630000000000000000e+03 1.936443730896327452e+03
4.640000000000000000e+03 1.938193457798068039e+03
4.650000000000000000e+03 1.939943184699808626e+03
4.660000000000000000e+03 1.941811451325656890e+03
4.670000000000000000e+03 1.943679717951504927e+03
4.680000000000000000e+03 1.945547984577353191e+03
4.690000000000000000e+03 1.947454557919668559e+03
4.700000000000000000e+03 1.949361131261983701e+03
4.710000000000000000e+03 1.951267704604299070e+03
4.720000000000000000e+03 1.953177486361993033e+03
4.730000000000000000e+03 1.955087268119686996e+03
4.740000000000000000e+03 1.956997049877380960e+03
4.750000000000000000e+03 1.958891105379366763e+03
4.760000000000000000e+03 1.960785160881352340e+03
4.770000000000000000e+03 1.962679216383338144e+03
4.780000000000000000e+03 1.964434989338167270e+03
4.790000000000000000e+03 1.966190762292996396e+03
4.800000000000000000e+03 1.967946535247825523e+03
4.810000000000000000e+03 1.969441942608355703e+03
4.820000000000000000e+03 1.970937349968886110e+03
4.830000000000000000e+03 1.972432757329416290e+03
4.840000000000000000e+03 1.973597431306776571e+03
4.850000000000000000e+03 1.974762105284137078e+03
4.860000000000000000e+03 1.975926779261497359e+03
4.870000000000000000e+03 1.976708378706574649e+03
4.880000000000000000e+03 1.977489978151651712e+03
4.890000000000000000e+03 1.978271577596729003e+03
4.900000000000000000e+03 1.978914940215012166e+03
4.910000000000000000e+03 1.979558302833295102e+03
4.920000000000000000e+03 1.980201665451578265e+03
4.930000000000000000e+03 1.980553600122176476e+03
4.940000000000000000e+03 1.980905534792774461e+03
4.950000000000000000e+03 1.981257469463372672e+03
4.960000000000000000e+03 1.981294115026426653e+03
4.970000000000000000e+03 1.981330760589480406e+03
4.980000000000000000e+03 1.981367406152534386e+03
4.990000000000000000e+03 1.981404189140990866e+03
5.000000000000000000e+03 1.981440972129447118e+03
5.010000000000000000e+03 1.981477755117903598e+03
5.020000000000000000e+03 1.981547354583744664e+03
5.030000000000000000e+03 1.981616954049585502e+03
5.040000000000000000e+03 1.981686553515426567e+03
5.050000000000000000e+03 1.981811091324261497e+03
5.060000000000000000e+03 1.981935629133096654e+03
5.070000000000000000e+03 1.982060166941931584e+03
5.080000000000000000e+03 1.982281672611807835e+03
5.090000000000000000e+03 1.982503178281684313e+03
5.100000000000000000e+03 1.982724683951560564e+03
5.110000000000000000e+03 1.983083429560474769e+03
5.120000000000000000e+03 1.983442175169389202e+03
5.130000000000000000e+03 1.983800920778303407e+03
5.140000000000000000e+03 1.984224543740610216e+03
5.150000000000000000e+03 1.984648166702916797e+03
5.160000000000000000e+03 1.985071789665223605e+03
5.170000000000000000e+03 1.985520789733397123e+03
5.180000000000000000e+03 1.985969789801570641e+03
5.190000000000000000e+03 1.986418789869744160e+03
5.200000000000000000e+03 1.986703098774517457e+03
5.210000000000000000e+03 1.986987407679290527e+03
5.220000000000000000e+03 1.987271716584063824e+03
5.230000000000000000e+03 1.987194076718741826e+03
5.240000000000000000e+03 1.987116436853420055e+03
5.250000000000000000e+03 1.987038796988098056e+03
5.260000000000000000e+03 1.986592581964483543e+03
5.270000000000000000e+03 1.986146366940868802e+03
5.280000000000000000e+03 1.985700151917254288e+03
5.290000000000000000e+03 1.984807389610829887e+03
5.300000000000000000e+03 1.983914627304405712e+03
5.310000000000000000e+03 1.983021864997981311e+03
5.320000000000000000e+03 1.981685098112644710e+03
5.330000000000000000e+03 1.980348331227308108e+03
5.340000000000000000e+03 1.979011564341971507e+03
5.350000000000000000e+03 1.977395321258797821e+03
5.360000000000000000e+03 1.975779078175623908e+03
5.370000000000000000e+03 1.974162835092450223e+03
5.380000000000000000e+03 1.972389782499100647e+03
5.390000000000000000e+03 1.970616729905750844e+03
5.400000000000000000e+03 1.968843677312401269e+03
5.410000000000000000e+03 1.967103837940405356e+03
5.420000000000000000e+03 1.965363998568409670e+03
5.430000000000000000e+03 1.963624159196413757e+03
5.440000000000000000e+03 1.961985865695018674e+03
5.450000000000000000e+03 1.960347572193623591e+03
5.460000000000000000e+03 1.958709278692228509e+03
5.470000000000000000e+03 1.957474211883621365e+03
5.480000000000000000e+03 1.956239145075014449e+03
5.490000000000000000e+03 1.955004078266407305e+03
5.500000000000000000e+03 1.954247176289705294e+03
5.510000000000000000e+03 1.953490274313003511e+03
5.520000000000000000e+03 1.952733372336301500e+03
5.530000000000000000e+03 1.952436777490755730e+03
5.540000000000000000e+03 1.952140182645209961e+03
5.550000000000000000e+03 1.951843587799664192e+03
5.560000000000000000e+03 1.951955802127011339e+03
5.570000000000000000e+03 1.952068016454358485e+03
5.580000000000000000e+03 1.952180230781705632e+03
5.590000000000000000e+03 1.952690299668518719e+03
5.600000000000000000e+03 1.953200368555331806e+03
5.610000000000000000e+03 1.953710437442144894e+03
5.620000000000000000e+03 1.954533471666538162e+03
5.630000000000000000e+03 1.955356505890931203e+03
5.640000000000000000e+03 1.956179540115324471e+03
5.650000000000000000e+03 1.957076044023733402e+03
5.660000000000000000e+03 1.957972547932142106e+03
5.670000000000000000e+03 1.958869051840551037e+03
5.680000000000000000e+03 1.959899851381856251e+03
5.690000000000000000e+03 1.960930650923161693e+03
5.700000000000000000e+03 1.961961450464466907e+03
5.710000000000000000e+03 1.963006345871610620e+03
5.720000000000000000e+03 1.964051241278754560e+03
5.730000000000000000e+03 1.965096136685898273e+03
5.740000000000000000e+03 1.966146077082245938e+03
5.750000000000000000e+03 1.967196017478593603e+03
5.760000000000000000e+03 1.968245957874941269e+03
5.770000000000000000e+03 1.969379931474726845e+03
5.780000000000000000e+03 1.970513905074512422e+03
5.790000000000000000e+03 1.971647878674297999e+03
5.800000000000000000e+03 1.972984262638078917e+03
5.810000000000000000e+03 1.974320646601859607e+03
5.820000000000000000e+03 1.975657030565640525e+03
5.830000000000000000e+03 1.977137658754370023e+03
5.840000000000000000e+03 1.978618286943099520e+03
5.850000000000000000e+03 1.980098915131829017e+03
5.860000000000000000e+03 1.981733144203779375e+03
5.870000000000000000e+03 1.983367373275729733e+03
5.880000000000000000e+03 1.985001602347680091e+03
5.890000000000000000e+03 1.986749733366524424e+03
5.900000000000000000e+03 1.988497864385368985e+03
5.910000000000000000e+03 1.990245995404213318e+03
5.920000000000000000e+03 1.991999793134487163e+03
5.930000000000000000e+03 1.993753590864761236e+03
5.940000000000000000e+03 1.995507388595035081e+03
5.950000000000000000e+03 1.997247705841448123e+03
5.960000000000000000e+03 1.998988023087860938e+03
5.970000000000000000e+03 2.000728340334273980e+03
5.980000000000000000e+03 2.002344878152516003e+03
5.990000000000000000e+03 2.003961415970758026e+03
6.000000000000000000e+03 2.005577953789000048e+03
6.010000000000000000e+03 2.007054851285384757e+03
6.020000000000000000e+03 2.008531748781769238e+03
6.030000000000000000e+03 2.010008646278153947e+03
6.040000000000000000e+03 2.011165359356936960e+03
6.050000000000000000e+03 2.012322072435719747e+03
6.060000000000000000e+03 2.013478785514502761e+03
6.070000000000000000e+03 2.014357974873825924e+03
6.080000000000000000e+03 2.015237164233149315e+03
6.090000000000000000e+03 2.016116353592472478e+03
6.100000000000000000e+03 2.016717766802206825e+03
6.110000000000000000e+03 2.017319180011941171e+03
6.120000000000000000e+03 2.017920593221675517e+03
6.130000000000000000e+03 2.018476749695075569e+03
6.140000000000000000e+03 2.019032906168475847e+03
6.150000000000000000e+03 2.019589062641875898e+03
6.160000000000000000e+03 2.020121049213119250e+03
6.170000000000000000e+03 2.020653035784362828e+03
6.180000000000000000e+03 2.021185022355606179e+03
6.190000000000000000e+03 2.021739837083717248e+03
6.200000000000000000e+03 2.022294651811828317e+03
6.210000000000000000e+03 2.022849466539939385e+03
6.220000000000000000e+03 2.023577700197845161e+03
6.230000000000000000e+03 2.024305933855751164e+03
6.240000000000000000e+03 2.025034167513656939e+03
6.250000000000000000e+03 2.025844363941720530e+03
6.260000000000000000e+03 2.026654560369784122e+03
6.270000000000000000e+03 2.027464756797847713e+03
6.280000000000000000e+03 2.028463088238166847e+03
6.290000000000000000e+03 2.029461419678485754e+03
6.300000000000000000e+03 2.030459751118804888e+03
6.310000000000000000e+03 2.031555599722252282e+03
6.320000000000000000e+03 2.032651448325699675e+03
6.330000000000000000e+03 2.033747296929147069e+03
6.340000000000000000e+03 2.034676236547488543e+03
6.350000000000000000e+03 2.035605176165830244e+03
6.360000000000000000e+03 2.036534115784171718e+03
6.370000000000000000e+03 2.037424586224215091e+03
6.380000000000000000e+03 2.038315056664258464e+03
6.390000000000000000e+03 2.039205527104301837e+03
6.400000000000000000e+03 2.040206711069354924e+03
6.410000000000000000e+03 2.041207895034408239e+03
6.420000000000000000e+03 2.042209078999461326e+03
6.430000000000000000e+03 2.043379434433807319e+03
6.440000000000000000e+03 2.044549789868153084e+03
6.450000000000000000e+03 2.045720145302499077e+03
6.460000000000000000e+03 2.047035922087705103e+03
6.470000000000000000e+03 2.048351698872911129e+03
6.480000000000000000e+03 2.049667475658116928e+03
6.490000000000000000e+03 2.050969279050292698e+03
6.500000000000000000e+03 2.052271082442468924e+03
6.510000000000000000e+03 2.053572885834644694e+03
6.520000000000000000e+03 2.054948377331947540e+03
6.530000000000000000e+03 2.056323868829250841e+03
6.540000000000000000e+03 2.057699360326553688e+03
6.550000000000000000e+03 2.059220428305083715e+03
6.560000000000000000e+03 2.060741496283613742e+03
6.570000000000000000e+03 2.062262564262143769e+03
6.580000000000000000e+03 2.064027501636235684e+03
6.590000000000000000e+03 2.065792439010327143e+03
6.600000000000000000e+03 2.067557376384419058e+03
6.610000000000000000e+03 2.069593100010788476e+03
6.620000000000000000e+03 2.071628823637158348e+03
6.630000000000000000e+03 2.073664547263527766e+03
6.640000000000000000e+03 2.075929721882764625e+03
6.650000000000000000e+03 2.078194896502001939e+03
6.660000000000000000e+03 2.080460071121238798e+03
6.670000000000000000e+03 2.082872222614950715e+03
6.680000000000000000e+03 2.085284374108662178e+03
6.690000000000000000e+03 2.087696525602374095e+03
6.700000000000000000e+03 2.090208557631824078e+03
6.710000000000000000e+03 2.092720589661274062e+03
6.720000000000000000e+03 2.095232621690724045e+03
6.730000000000000000e+03 2.097712013601367289e+03
6.740000000000000000e+03 2.100191405512010533e+03
6.750000000000000000e+03 2.102670797422653777e+03
6.760000000000000000e+03 2.105039395160928052e+03
6.770000000000000000e+03 2.107407992899202782e+03
6.780000000000000000e+03 2.109776590637477057e+03
6.790000000000000000e+03 2.111921169825477136e+03
6.800000000000000000e+03 2.114065749013477671e+03
6.810000000000000000e+03 2.116210328201477751e+03
6.820000000000000000e+03 2.118322881359404164e+03
6.830000000000000000e+03 2.120435434517330577e+03
6.840000000000000000e+03 2.122547987675256991e+03
6.850000000000000000e+03 2.124484603821374094e+03
6.860000000000000000e+03 2.126421219967490742e+03
6.870000000000000000e+03 2.128357836113607846e+03
6.880000000000000000e+03 2.130228997179622183e+03
6.890000000000000000e+03 2.132100158245636067e+03
6.900000000000000000e+03 2.133971319311650404e+03
6.910000000000000000e+03 2.135715546440071648e+03
6.920000000000000000e+03 2.137459773568493347e+03
6.930000000000000000e+03 2.139204000696914591e+03
6.940000000000000000e+03 2.140323775224645033e+03
6.950000000000000000e+03 2.141443549752375930e+03
6.960000000000000000e+03 2.142563324280106372e+03
6.970000000000000000e+03 2.143060370716404123e+03
6.980000000000000000e+03 2.143557417152702328e+03
6.990000000000000000e+03 2.144054463589000079e+03
7.000000000000000000e+03 2.144250645263990464e+03
7.010000000000000000e+03 2.144446826938980394e+03
7.020000000000000000e+03 2.144643008613970778e+03
7.030000000000000000e+03 2.144815340589434527e+03
7.040000000000000000e+03 2.144987672564898276e+03
7.050000000000000000e+03 2.145160004540362024e+03
7.060000000000000000e+03 2.145620846411613911e+03
7.070000000000000000e+03 2.146081688282865798e+03
7.080000000000000000e+03 2.146542530154117685e+03
7.090000000000000000e+03 2.147337899133417977e+03
7.100000000000000000e+03 2.148133268112718724e+03
7.110000000000000000e+03 2.148928637092019017e+03
7.120000000000000000e+03 2.150172225462407823e+03
7.130000000000000000e+03 2.151415813832797085e+03
7.140000000000000000e+03 2.152659402203185891e+03
7.150000000000000000e+03 2.154261373548161828e+03
7.160000000000000000e+03 2.155863344893137764e+03
7.170000000000000000e+03 2.157465316238113701e+03
7.180000000000000000e+03 2.159303183715534487e+03
7.190000000000000000e+03 2.161141051192954819e+03
7.200000000000000000e+03 2.162978918670375606e+03
7.210000000000000000e+03 2.164967344932791093e+03
7.220000000000000000e+03 2.166955771195206580e+03
7.230000000000000000e+03 2.168944197457622067e+03
7.240000000000000000e+03 2.170930820785753895e+03
7.250000000000000000e+03 2.172917444113886177e+03
7.260000000000000000e+03 2.174904067442018004e+03
7.270000000000000000e+03 2.176705082760543974e+03
7.280000000000000000e+03 2.178506098079069488e+03
7.290000000000000000e+03 2.180307113397595458e+03
7.300000000000000000e+03 2.181728430842621492e+03
7.310000000000000000e+03 2.183149748287647071e+03
7.320000000000000000e+03 2.184571065732673105e+03
7.330000000000000000e+03 2.185328852961193661e+03
7.340000000000000000e+03 2.186086640189714217e+03
7.350000000000000000e+03 2.186844427418234773e+03
7.360000000000000000e+03 2.186990296619077526e+03
7.370000000000000000e+03 2.187136165819920279e+03
7.380000000000000000e+03 2.187282035020763033e+03
7.390000000000000000e+03 2.186715169727422563e+03
7.400000000000000000e+03 2.186148304434081638e+03
7.410000000000000000e+03 2.185581439140741168e+03
7.420000000000000000e+03 2.184886626581225300e+03
7.430000000000000000e+03 2.184191814021708979e+03
7.440000000000000000e+03 2.183497001462193111e+03
7.450000000000000000e+03 2.182784369315871118e+03
7.460000000000000000e+03 2.182071737169549579e+03
7.470000000000000000e+03 2.181359105023227585e+03
7.480000000000000000e+03 2.181073539813072784e+03
7.490000000000000000e+03 2.180787974602917529e+03
7.500000000000000000e+03 2.180502409392762729e+03
7.510000000000000000e+03 2.180864276419902581e+03
7.520000000000000000e+03 2.181226143447042887e+03
7.530000000000000000e+03 2.181588010474182738e+03
7.540000000000000000e+03 2.182447094104147709e+03
7.550000000000000000e+03 2.183306177734112680e+03
7.560000000000000000e+03 2.184165261364077651e+03
7.570000000000000000e+03 2.185544345830207021e+03
7.580000000000000000e+03 2.186923430296336392e+03
7.590000000000000000e+03 2.188302514762465762e+03
7.600000000000000000e+03 2.190303272718097105e+03
7.610000000000000000e+03 2.192304030673728903e+03
7.620000000000000000e+03 2.194304788629360246e+03
7.630000000000000000e+03 2.196697458895539057e+03
7.640000000000000000e+03 2.199090129161718323e+03
7.650000000000000000e+03 2.201482799427897135e+03
7.660000000000000000e+03 2.204196464148735231e+03
7.670000000000000000e+03 2.206910128869572873e+03
7.680000000000000000e+03 2.209623793590410969e+03
7.690000000000000000e+03 2.212551055970215657e+03
7.700000000000000000e+03 2.215478318350019890e+03
7.710000000000000000e+03 2.218405580729824578e+03
7.720000000000000000e+03 2.221363633542668140e+03
7.730000000000000000e+03 2.224321686355511247e+03
7.740000000000000000e+03 2.227279739168354808e+03
7.750000000000000000e+03 2.230127578136426564e+03
7.760000000000000000e+03 2.232975417104498774e+03
7.770000000000000000e+03 2.235823256072570530e+03
7.780000000000000000e+03 2.238330989088722617e+03
7.790000000000000000e+03 2.240838722104874250e+03
7.800000000000000000e+03 2.243346455121026338e+03
7.810000000000000000e+03 2.245651351142647854e+03
7.820000000000000000e+03 2.247956247164269826e+03
7.830000000000000000e+03 2.250261143185891342e+03
7.840000000000000000e+03 2.252339454799347095e+03
7.850000000000000000e+03 2.254417766412802848e+03
7.860000000000000000e+03 2.256496078026258601e+03
7.870000000000000000e+03 2.258222927290436928e+03
7.880000000000000000e+03 2.259949776554615710e+03
7.890000000000000000e+03 2.261676625818794037e+03
7.900000000000000000e+03 2.263020175819376163e+03
7.910000000000000000e+03 2.264363725819958745e+03
7.920000000000000000e+03 2.265707275820540872e+03
7.930000000000000000e+03 2.266701075127528838e+03
7.940000000000000000e+03 2.267694874434516350e+03
7.950000000000000000e+03 2.268688673741504317e+03
7.960000000000000000e+03 2.269384097243651013e+03
7.970000000000000000e+03 2.270079520745797254e+03
7.980000000000000000e+03 2.270774944247943949e+03
7.990000000000000000e+03 2.271211606646026212e+03
8.000000000000000000e+03 2.271648269044108929e+03
8.010000000000000000e+03 2.272084931442191191e+03
8.020000000000000000e+03 2.272605330203990889e+03
8.030000000000000000e+03 2.273125728965790586e+03
8.040000000000000000e+03 2.273646127727590283e+03
8.050000000000000000e+03 2.274134693261068605e+03
8.060000000000000000e+03 2.274623258794547382e+03
8.070000000000000000e+03 2.275111824328025705e+03
8.080000000000000000e+03 2.275651053280073484e+03
8.090000000000000000e+03 2.276190282232120808e+03
8.100000000000000000e+03 2.276729511184168587e+03
8.110000000000000000e+03 2.277378589595209178e+03
8.120000000000000000e+03 2.278027668006249769e+03
8.130000000000000000e+03 2.278676746417290360e+03
8.140000000000000000e+03 2.279405807127403932e+03
8.150000000000000000e+03 2.280134867837517504e+03
8.160000000000000000e+03 2.280863928547631076e+03
8.170000000000000000e+03 2.281679062385374436e+03
8.180000000000000000e+03 2.282494196223117342e+03
8.190000000000000000e+03 2.283309330060860702e+03
8.200000000000000000e+03 2.284265968138493463e+03
8.210000000000000000e+03 2.285222606216125769e+03
8.220000000000000000e+03 2.286179244293758529e+03
8.230000000000000000e+03 2.287268783428919505e+03
8.240000000000000000e+03 2.288358322564080936e+03
8.250000000000000000e+03 2.289447861699241912e+03
8.260000000000000000e+03 2.290648739587983982e+03
8.270000000000000000e+03 2.291849617476726053e+03
8.280000000000000000e+03 2.293050495365468123e+03
8.290000000000000000e+03 2.294437600432259387e+03
8.300000000000000000e+03 2.295824705499050651e+03
8.310000000000000000e+03 2.297211810565841915e+03
8.320000000000000000e+03 2.298716604585448749e+03
8.330000000000000000e+03 2.300221398605056038e+03
8.340000000000000000e+03 2.301726192624662872e+03
8.350000000000000000e+03 2.303329568893468604e+03
8.360000000000000000e+03 2.304932945162273882e+03
8.370000000000000000e+03 2.306536321431079614e+03
8.380000000000000000e+03 2.308003803914185482e+03
8.390000000000000000e+03 2.309471286397290896e+03
8.400000000000000000e+03 2.310938768880396765e+03
8.410000000000000000e+03 2.312359085925843829e+03
8.420000000000000000e+03 2.313779402971290892e+03
8.430000000000000000e+03 2.315199720016737956e+03
8.440000000000000000e+03 2.316565854800840498e+03
8.450000000000000000e+03 2.317931989584942585e+03
8.460000000000000000e+03 2.319298124369045127e+03
8.470000000000000000e+03 2.320502006894325859e+03
8.480000000000000000e+03 2.321705889419606592e+03
8.490000000000000000e+03 2.322909771944887325e+03
8.500000000000000000e+03 2.323913655307084355e+03
8.510000000000000000e+03 2.324917538669281839e+03
8.520000000000000000e+03 2.325921422031478869e+03
8.530000000000000000e+03 2.326736391308528709e+03
8.540000000000000000e+03 2.327551360585578095e+03
8.550000000000000000e+03 2.328366329862627936e+03
8.560000000000000000e+03 2.329041605012956552e+03
8.570000000000000000e+03 2.329716880163285623e+03
8.580000000000000000e+03 2.330392155313614239e+03
8.590000000000000000e+03 2.331021638975776568e+03
8.600000000000000000e+03 2.331651122637939352e+03
8.610000000000000000e+03 2.332280606300101681e+03
8.620000000000000000e+03 2.332918852860345396e+03
8.630000000000000000e+03 2.333557099420589566e+03
8.640000000000000000e+03 2.334195345980833281e+03
8.650000000000000000e+03 2.334999232092270631e+03
8.660000000000000000e+03 2.335803118203708436e+03
8.670000000000000000e+03 2.336607004315145787e+03
8.680000000000000000e+03 2.337386280028129931e+03
8.690000000000000000e+03 2.338165555741114076e+03
8.700000000000000000e+03 2.338944831454098221e+03
8.710000000000000000e+03 2.339884808636153139e+03
8.720000000000000000e+03 2.340824785818207602e+03
8.730000000000000000e+03 2.341764763000262519e+03
8.740000000000000000e+03 2.342953541156377014e+03
8.750000000000000000e+03 2.344142319312491054e+03
8.760000000000000000e+03 2.345331097468605549e+03
8.770000000000000000e+03 2.346678693963000114e+03
8.780000000000000000e+03 2.348026290457394225e+03
8.790000000000000000e+03 2.349373886951788791e+03
8.800000000000000000e+03 2.350992308080786643e+03
8.810000000000000000e+03 2.352610729209784495e+03
8.820000000000000000e+03 2.354229150338782347e+03
8.830000000000000000e+03 2.356021053643562936e+03
8.840000000000000000e+03 2.357812956948343981e+03
8.850000000000000000e+03 2.359604860253124571e+03
8.860000000000000000e+03 2.361684274718869801e+03
8.870000000000000000e+03 2.363763689184614577e+03
8.880000000000000000e+03 2.365843103650359808e+03
8.890000000000000000e+03 2.368255622961392874e+03
8.900000000000000000e+03 2.370668142272426394e+03
8.910000000000000000e+03 2.373080661583459460e+03
8.920000000000000000e+03 2.375724732443351513e+03
8.930000000000000000e+03 2.378368803303243112e+03
8.940000000000000000e+03 2.381012874163135166e+03
8.950000000000000000e+03 2.383817412659872844e+03
8.960000000000000000e+03 2.386621951156610066e+03
8.970000000000000000e+03 2.389426489653347744e+03
8.980000000000000000e+03 2.392265193931761587e+03
8.990000000000000000e+03 2.395103898210175885e+03
9.000000000000000000e+03 2.397942602488589728e+03
9.010000000000000000e+03 2.400523200123003789e+03
9.020000000000000000e+03 2.403103797757417396e+03
9.030000000000000000e+03 2.405684395391831458e+03
9.040000000000000000e+03 2.407952323205251560e+03
9.050000000000000000e+03 2.410220251018671661e+03
9.060000000000000000e+03 2.412488178832091762e+03
9.070000000000000000e+03 2.414309339971969621e+03
9.080000000000000000e+03 2.416130501111847934e+03
9.090000000000000000e+03 2.417951662251725793e+03
9.100000000000000000e+03 2.419235905915088551e+03
9.110000000000000000e+03 2.420520149578451310e+03
9.120000000000000000e+03 2.421804393241814068e+03
9.130000000000000000e+03 2.422499644019112111e+03
9.140000000000000000e+03 2.423194894796410608e+03
9.150000000000000000e+03 2.423890145573708651e+03
9.160000000000000000e+03 2.424025732436636190e+03
9.170000000000000000e+03 2.424161319299563274e+03
9.180000000000000000e+03 2.424296906162490814e+03
9.190000000000000000e+03 2.424314738097717509e+03
9.200000000000000000e+03 2.424332570032944659e+03
9.210000000000000000e+03 2.424350401968171354e+03
9.220000000000000000e+03 2.424386939141545099e+03
9.230000000000000000e+03 2.424423476314918389e+03
9.240000000000000000e+03 2.424460013488292134e+03
9.250000000000000000e+03 2.424751440824565179e+03
9.260000000000000000e+03 2.425042868160838680e+03
9.270000000000000000e+03 2.425334295497111725e+03
9.280000000000000000e+03 2.425633770556505624e+03
9.290000000000000000e+03 2.425933245615899523e+03
9.300000000000000000e+03 2.426232720675293422e+03
9.310000000000000000e+03 2.426807764855624100e+03
9.320000000000000000e+03 2.427382809035955233e+03
9.330000000000000000e+03 2.427957853216285912e+03
9.340000000000000000e+03 2.428816305598551935e+03
9.350000000000000000e+03 2.429674757980817958e+03
9.360000000000000000e+03 2.430533210363083981e+03
9.370000000000000000e+03 2.431865456061347686e+03
9.380000000000000000e+03 2.433197701759611846e+03
9.390000000000000000e+03 2.434529947457875551e+03
9.400000000000000000e+03 2.436164549056129090e+03
9.410000000000000000e+03 2.437799150654383084e+03
9.420000000000000000e+03 2.439433752252636623e+03
9.430000000000000000e+03 2.441435849643275105e+03
9.440000000000000000e+03 2.443437947033914043e+03
9.450000000000000000e+03 2.445440044424552525e+03
9.460000000000000000e+03 2.447588226734695581e+03
9.470000000000000000e+03 2.449736409044839093e+03
9.480000000000000000e+03 2.451884591354982149e+03
9.490000000000000000e+03 2.454134503901341759e+03
9.500000000000000000e+03 2.456384416447700914e+03
9.510000000000000000e+03 2.458634328994060525e+03
9.520000000000000000e+03 2.461220354775223313e+03
9.530000000000000000e+03 2.463806380556385648e+03
9.540000000000000000e+03 2.466392406337548437e+03
9.550000000000000000e+03 2.469193270001849214e+03
9.560000000000000000e+03 2.471994133666149992e+03
9.570000000000000000e+03 2.474794997330450769e+03
9.580000000000000000e+03 2.477747081069720025e+03
9.590000000000000000e+03 2.480699164808989735e+03
9.600000000000000000e+03 2.483651248548258991e+03
9.610000000000000000e+03 2.487584986897222279e+03
9.620000000000000000e+03 2.491518725246186023e+03
9.630000000000000000e+03 2.495452463595149311e+03
9.640000000000000000e+03 2.499231928801029426e+03
9.650000000000000000e+03 2.503011394006909995e+03
9.660000000000000000e+03 2.506790859212790110e+03
9.670000000000000000e+03 2.510948837926028773e+03
9.680000000000000000e+03 2.515106816639267436e+03
9.690000000000000000e+03 2.519264795352506098e+03
9.700000000000000000e+03 2.524036375825587129e+03
9.710000000000000000e+03 2.528807956298668614e+03
9.720000000000000000e+03 2.533579536771749645e+03
9.730000000000000000e+03 2.539098262922436334e+03
9.740000000000000000e+03 2.544616989073122568e+03
9.750000000000000000e+03 2.550135715223809257e+03
9.760000000000000000e+03 2.556507994947304724e+03
9.770000000000000000e+03 2.562880274670799736e+03
9.780000000000000000e+03 2.569252554394295203e+03
9.790000000000000000e+03 2.576535200073922624e+03
9.800000000000000000e+03 2.583817845753550500e+03
9.810000000000000000e+03 2.591100491433177922e+03
9.820000000000000000e+03 2.599281498906261731e+03
9.830000000000000000e+03 2.607462506379345996e+03
9.840000000000000000e+03 2.615643513852429805e+03
9.850000000000000000e+03 2.624622841375436110e+03
9.860000000000000000e+03 2.633602168898442869e+03
9.870000000000000000e+03 2.642581496421449174e+03
9.880000000000000000e+03 2.652151843635125715e+03
9.890000000000000000e+03 2.661722190848802711e+03
9.900000000000000000e+03 2.671292538062479252e+03
9.910000000000000000e+03 2.681120124956997188e+03
9.920000000000000000e+03 2.690947711851515578e+03
9.930000000000000000e+03 2.700775298746033513e+03
9.940000000000000000e+03 2.710380644626126468e+03
9.950000000000000000e+03 2.719985990506219423e+03
9.960000000000000000e+03 2.729591336386312378e+03
9.970000000000000000e+03 2.738330038836417771e+03
9.980000000000000000e+03 2.747068741286523618e+03
