0.000000000000000000e+00 1.354103040486599639e+03
1.000000000000000000e+01 1.360696828630633945e+03
2.000000000000000000e+01 1.367290616774668251e+03
3.000000000000000000e+01 1.373884404918702558e+03
4.000000000000000000e+01 1.377827347157463237e+03
5.000000000000000000e+01 1.381770289396223689e+03
6.000000000000000000e+01 1.385713231634984368e+03
7.000000000000000000e+01 1.387935011446277258e+03
8.000000000000000000e+01 1.390156791257570376e+03
9.000000000000000000e+01 1.392378571068863266e+03
1.000000000000000000e+02 1.393603537325370780e+03
1.100000000000000000e+02 1.394828503581878522e+03
1.200000000000000000e+02 1.396053469838386036e+03
1.300000000000000000e+02 1.396822869621258860e+03
1.400000000000000000e+02 1.397592269404131457e+03
1.500000000000000000e+02 1.398361669187004281e+03
1.600000000000000000e+02 1.399055880599453531e+03
1.700000000000000000e+02 1.399750092011902552e+03
1.800000000000000000e+02 1.400444303424351801e+03
1.900000000000000000e+02 1.401305068405242082e+03
2.000000000000000000e+02 1.402165833386132590e+03
2.100000000000000000e+02 1.403026598367022871e+03
2.200000000000000000e+02 1.404179255504464663e+03
2.300000000000000000e+02 1.405331912641906229e+03
2.400000000000000000e+02 1.406484569779348021e+03
2.500000000000000000e+02 1.407960287124289380e+03
2.600000000000000000e+02 1.409436004469230738e+03
2.700000000000000000e+02 1.410911721814172097e+03
2.800000000000000000e+02 1.412669729693575164e+03
2.900000000000000000e+02 1.414427737572978003e+03
3.000000000000000000e+02 1.416185745452381070e+03
3.100000000000000000e+02 1.418624388981001175e+03
3.200000000000000000e+02 1.421063032509621507e+03
3.300000000000000000e+02 1.423501676038241612e+03
3.400000000000000000e+02 1.425032329109725197e+03
3.500000000000000000e+02 1.426562982181208781e+03
3.600000000000000000e+02 1.428093635252692366e+03
3.700000000000000000e+02 1.429538967720990286e+03
3.800000000000000000e+02 1.430984300189287978e+03
3.900000000000000000e+02 1.432429632657585898e+03
4.000000000000000000e+02 1.433908807757571367e+03
4.100000000000000000e+02 1.435387982857556608e+03
4.200000000000000000e+02 1.436867157957542076e+03
4.300000000000000000e+02 1.438671314683092760e+03
4.400000000000000000e+02 1.440475471408643443e+03
4.500000000000000000e+02 1.442279628134194127e+03
4.600000000000000000e+02 1.444158028164023563e+03
4.700000000000000000e+02 1.446036428193852771e+03
4.800000000000000000e+02 1.447914828223682207e+03
4.900000000000000000e+02 1.449566750615496630e+03
5.000000000000000000e+02 1.451218673007310827e+03
5.100000000000000000e+02 1.452870595399125250e+03
5.200000000000000000e+02 1.454468885630883733e+03
5.300000000000000000e+02 1.456067175862641989e+03
5.400000000000000000e+02 1.457665466094400472e+03
5.500000000000000000e+02 1.459818325570792467e+03
5.600000000000000000e+02 1.461971185047184463e+03
5.700000000000000000e+02 1.464124044523576458e+03
5.800000000000000000e+02 1.465258299343835233e+03
5.900000000000000000e+02 1.466392554164093781e+03
6.000000000000000000e+02 1.467526808984352556e+03
6.100000000000000000e+02 1.468388743524217489e+03
6.200000000000000000e+02 1.469250678064082194e+03
6.300000000000000000e+02 1.470112612603947127e+03
6.400000000000000000e+02 1.470977247899770418e+03
6.500000000000000000e+02 1.471841883195593482e+03
6.600000000000000000e+02 1.472706518491416773e+03
6.700000000000000000e+02 1.473900415874364171e+03
6.800000000000000000e+02 1.475094313257311569e+03
6.900000000000000000e+02 1.476288210640258967e+03
7.000000000000000000e+02 1.477791177932947448e+03
7.100000000000000000e+02 1.479294145225635702e+03
7.200000000000000000e+02 1.480797112518324184e+03
7.300000000000000000e+02 1.482231736491871061e+03
7.400000000000000000e+02 1.483666360465417711e+03
7.500000000000000000e+02 1.485100984438964588e+03
7.600000000000000000e+02 1.486223219165055070e+03
7.700000000000000000e+02 1.487345453891145780e+03
7.800000000000000000e+02 1.488467688617236263e+03
7.900000000000000000e+02 1.489719385092785387e+03
8.000000000000000000e+02 1.490971081568334284e+03
8.100000000000000000e+02 1.492222778043883409e+03
8.200000000000000000e+02 1.493952710823763937e+03
8.300000000000000000e+02 1.495682643603644692e+03
8.400000000000000000e+02 1.497412576383525220e+03
8.500000000000000000e+02 1.499049484363986721e+03
8.600000000000000000e+02 1.500686392344447995e+03
8.700000000000000000e+02 1.502323300324909496e+03
8.800000000000000000e+02 1.504338902190318549e+03
8.900000000000000000e+02 1.506354504055727602e+03
9.000000000000000000e+02 1.508370105921136656e+03
9.100000000000000000e+02 1.510133448034229104e+03
9.200000000000000000e+02 1.511896790147321781e+03
9.300000000000000000e+02 1.513660132260414230e+03
9.400000000000000000e+02 1.515024917615344521e+03
9.500000000000000000e+02 1.516389702970274584e+03
9.600000000000000000e+02 1.517754488325204875e+03
9.700000000000000000e+02 1.518857746139901110e+03
9.800000000000000000e+02 1.519961003954597118e+03
9.900000000000000000e+02 1.521064261769293353e+03
1.000000000000000000e+03 1.521823196952794660e+03
1.010000000000000000e+03 1.522582132136295968e+03
1.020000000000000000e+03 1.523341067319797276e+03
1.030000000000000000e+03 1.524430017868529148e+03
1.040000000000000000e+03 1.525518968417260794e+03
1.050000000000000000e+03 1.526607918965992667e+03
1.060000000000000000e+03 1.527130264060753916e+03
1.070000000000000000e+03 1.527652609155514938e+03
1.080000000000000000e+03 1.528174954250276187e+03
1.090000000000000000e+03 1.528794425393504525e+03
1.100000000000000000e+03 1.529413896536732636e+03
1.110000000000000000e+03 1.530033367679960975e+03
1.120000000000000000e+03 1.530997029151413699e+03
1.130000000000000000e+03 1.531960690622866196e+03
1.140000000000000000e+03 1.532924352094318920e+03
1.150000000000000000e+03 1.534458448351885181e+03
1.160000000000000000e+03 1.535992544609451670e+03
1.170000000000000000e+03 1.537526640867017932e+03
1.180000000000000000e+03 1.538929203950629471e+03
1.190000000000000000e+03 1.540331767034240784e+03
1.200000000000000000e+03 1.541734330117852323e+03
1.210000000000000000e+03 1.543702424232463045e+03
1.220000000000000000e+03 1.545670518347073539e+03
1.230000000000000000e+03 1.547638612461684261e+03
1.240000000000000000e+03 1.549340110953268550e+03
1.250000000000000000e+03 1.551041609444853066e+03
1.260000000000000000e+03 1.552743107936437355e+03
1.270000000000000000e+03 1.554556871737754136e+03
1.280000000000000000e+03 1.556370635539071145e+03
1.290000000000000000e+03 1.558184399340387927e+03
1.300000000000000000e+03 1.560606657912945593e+03
1.310000000000000000e+03 1.563028916485503260e+03
1.320000000000000000e+03 1.565451175058060926e+03
1.330000000000000000e+03 1.567310477825710677e+03
1.340000000000000000e+03 1.569169780593360201e+03
1.350000000000000000e+03 1.571029083361009953e+03
1.360000000000000000e+03 1.572700377550009307e+03
1.370000000000000000e+03 1.574371671739008661e+03
1.380000000000000000e+03 1.576042965928008016e+03
1.390000000000000000e+03 1.577557364280869933e+03
1.400000000000000000e+03 1.579071762633731851e+03
1.410000000000000000e+03 1.580586160986593768e+03
1.420000000000000000e+03 1.582088751815186470e+03
1.430000000000000000e+03 1.583591342643779171e+03
1.440000000000000000e+03 1.585093933472371873e+03
1.450000000000000000e+03 1.586819449971518679e+03
1.460000000000000000e+03 1.588544966470665258e+03
1.470000000000000000e+03 1.590270482969812065e+03
1.480000000000000000e+03 1.592014852654518563e+03
1.490000000000000000e+03 1.593759222339224834e+03
1.500000000000000000e+03 1.595503592023931333e+03
1.510000000000000000e+03 1.596867442269204730e+03
1.520000000000000000e+03 1.598231292514477900e+03
1.530000000000000000e+03 1.599595142759751297e+03
1.540000000000000000e+03 1.601148359075752069e+03
1.550000000000000000e+03 1.602701575391752613e+03
1.560000000000000000e+03 1.604254791707753384e+03
1.570000000000000000e+03 1.605640376384182218e+03
1.580000000000000000e+03 1.607025961060611053e+03
1.590000000000000000e+03 1.608411545737039887e+03
1.600000000000000000e+03 1.609565075792577545e+03
1.610000000000000000e+03 1.610718605848115430e+03
1.620000000000000000e+03 1.611872135903653088e+03
1.630000000000000000e+03 1.613217657769859670e+03
1.640000000000000000e+03 1.614563179636066252e+03
1.650000000000000000e+03 1.615908701502272834e+03
1.660000000000000000e+03 1.616786119823384297e+03
1.670000000000000000e+03 1.617663538144495760e+03
1.680000000000000000e+03 1.618540956465607223e+03
1.690000000000000000e+03 1.619428985301282637e+03
1.700000000000000000e+03 1.620317014136957823e+03
1.710000000000000000e+03 1.621205042972633237e+03
1.720000000000000000e+03 1.621843084665483502e+03
1.730000000000000000e+03 1.622481126358333540e+03
1.740000000000000000e+03 1.623119168051183806e+03
1.750000000000000000e+03 1.623535990266361978e+03
1.760000000000000000e+03 1.623952812481540150e+03
1.770000000000000000e+03 1.624369634696718322e+03
1.780000000000000000e+03 1.624912346288357867e+03
1.790000000000000000e+03 1.625455057879997639e+03
1.800000000000000000e+03 1.625997769471637184e+03
1.810000000000000000e+03 1.627090054929601592e+03
1.820000000000000000e+03 1.628182340387566001e+03
1.830000000000000000e+03 1.629274625845530409e+03
1.840000000000000000e+03 1.630073574481562218e+03
1.850000000000000000e+03 1.630872523117594255e+03
1.860000000000000000e+03 1.631671471753626065e+03
1.870000000000000000e+03 1.632698344318431509e+03
1.880000000000000000e+03 1.633725216883236953e+03
1.890000000000000000e+03 1.634752089448042398e+03
1.900000000000000000e+03 1.635693206812620929e+03
1.910000000000000000e+03 1.636634324177199687e+03
1.920000000000000000e+03 1.637575441541778218e+03
1.930000000000000000e+03 1.638140767171121979e+03
1.940000000000000000e+03 1.638706092800465967e+03
1.950000000000000000e+03 1.639271418429809728e+03
1.960000000000000000e+03 1.639897141155948248e+03
1.970000000000000000e+03 1.640522863882086995e+03
1.980000000000000000e+03 1.641148586608225514e+03
1.990000000000000000e+03 1.641413518762392414e+03
2.000000000000000000e+03 1.641678450916559086e+03
2.010000000000000000e+03 1.641943383070725986e+03
2.020000000000000000e+03 1.642469416581218411e+03
2.030000000000000000e+03 1.642995450091710836e+03
2.040000000000000000e+03 1.643521483602203261e+03
2.050000000000000000e+03 1.643877534959410013e+03
2.060000000000000000e+03 1.644233586316616766e+03
2.070000000000000000e+03 1.644589637673823518e+03
2.080000000000000000e+03 1.644629691969976193e+03
2.090000000000000000e+03 1.644669746266128641e+03
2.100000000000000000e+03 1.644709800562281316e+03
2.110000000000000000e+03 1.644984655497439235e+03
2.120000000000000000e+03 1.645259510432597381e+03
2.130000000000000000e+03 1.645534365367755299e+03
2.140000000000000000e+03 1.646331852084078264e+03
2.150000000000000000e+03 1.647129338800401456e+03
2.160000000000000000e+03 1.647926825516724421e+03
2.170000000000000000e+03 1.649054625089628416e+03
2.180000000000000000e+03 1.650182424662532185e+03
2.190000000000000000e+03 1.651310224235436181e+03
2.200000000000000000e+03 1.653169092343291823e+03
2.210000000000000000e+03 1.655027960451147237e+03
2.220000000000000000e+03 1.656886828559002879e+03
2.230000000000000000e+03 1.658695294986212275e+03
2.240000000000000000e+03 1.660503761413421444e+03
2.250000000000000000e+03 1.662312227840630840e+03
2.260000000000000000e+03 1.664047023446872345e+03
2.270000000000000000e+03 1.665781819053114077e+03
2.280000000000000000e+03 1.667516614659355582e+03
2.290000000000000000e+03 1.669502940052484064e+03
2.300000000000000000e+03 1.671489265445612318e+03
2.310000000000000000e+03 1.673475590838740800e+03
2.320000000000000000e+03 1.675414074673393088e+03
2.330000000000000000e+03 1.677352558508045604e+03
2.340000000000000000e+03 1.679291042342697892e+03
2.350000000000000000e+03 1.681237734894569485e+03
2.360000000000000000e+03 1.683184427446440850e+03
2.370000000000000000e+03 1.685131119998312442e+03
2.380000000000000000e+03 1.687261827050085913e+03
2.390000000000000000e+03 1.689392534101859610e+03
2.400000000000000000e+03 1.691523241153633080e+03
2.410000000000000000e+03 1.693286582459855936e+03
2.420000000000000000e+03 1.695049923766079019e+03
2.430000000000000000e+03 1.696813265072301874e+03
2.440000000000000000e+03 1.698407543148523928e+03
2.450000000000000000e+03 1.700001821224745981e+03
2.460000000000000000e+03 1.701596099300968035e+03
2.470000000000000000e+03 1.703413859017146478e+03
2.480000000000000000e+03 1.705231618733324922e+03
2.490000000000000000e+03 1.707049378449503365e+03
2.500000000000000000e+03 1.708373818022756268e+03
2.510000000000000000e+03 1.709698257596008943e+03
2.520000000000000000e+03 1.711022697169261846e+03
2.530000000000000000e+03 1.712305358497656243e+03
2.540000000000000000e+03 1.713588019826050413e+03
2.550000000000000000e+03 1.714870681154444810e+03
2.560000000000000000e+03 1.716565171456441249e+03
2.570000000000000000e+03 1.718259661758437915e+03
2.580000000000000000e+03 1.719954152060434353e+03
2.590000000000000000e+03 1.721528129404181755e+03
2.600000000000000000e+03 1.723102106747929156e+03
2.610000000000000000e+03 1.724676084091676557e+03
2.620000000000000000e+03 1.726504933726226227e+03
2.630000000000000000e+03 1.728333783360776124e+03
2.640000000000000000e+03 1.730162632995325794e+03
2.650000000000000000e+03 1.731661362550008334e+03
2.660000000000000000e+03 1.733160092104691103e+03
2.670000000000000000e+03 1.734658821659373643e+03
2.680000000000000000e+03 1.735776219332762821e+03
2.690000000000000000e+03 1.736893617006151771e+03
2.700000000000000000e+03 1.738011014679540949e+03
2.710000000000000000e+03 1.738956695745829165e+03
2.720000000000000000e+03 1.739902376812117609e+03
2.730000000000000000e+03 1.740848057878405825e+03
2.740000000000000000e+03 1.741794914697550212e+03
2.750000000000000000e+03 1.742741771516694826e+03
2.760000000000000000e+03 1.743688628335839212e+03
2.770000000000000000e+03 1.744874220667356667e+03
2.780000000000000000e+03 1.746059812998873895e+03
2.790000000000000000e+03 1.747245405330391350e+03
2.800000000000000000e+03 1.749195462205770582e+03
2.810000000000000000e+03 1.751145519081149814e+03
2.820000000000000000e+03 1.753095575956529046e+03
2.830000000000000000e+03 1.754481479314492162e+03
2.840000000000000000e+03 1.755867382672455051e+03
2.850000000000000000e+03 1.757253286030418167e+03
2.860000000000000000e+03 1.758292896353661035e+03
2.870000000000000000e+03 1.759332506676903904e+03
2.880000000000000000e+03 1.760372117000146773e+03
2.890000000000000000e+03 1.761123642838442947e+03
2.900000000000000000e+03 1.761875168676738895e+03
2.910000000000000000e+03 1.762626694515035069e+03
2.920000000000000000e+03 1.763512370771467204e+03
2.930000000000000000e+03 1.764398047027899338e+03
2.940000000000000000e+03 1.765283723284331472e+03
2.950000000000000000e+03 1.765882441686031143e+03
2.960000000000000000e+03 1.766481160087731041e+03
2.970000000000000000e+03 1.767079878489430712e+03
2.980000000000000000e+03 1.767814560339903664e+03
2.990000000000000000e+03 1.768549242190376845e+03
3.000000000000000000e+03 1.769283924040849797e+03
3.010000000000000000e+03 1.769800055186528425e+03
3.020000000000000000e+03 1.770316186332207053e+03
3.030000000000000000e+03 1.770832317477885681e+03
3.040000000000000000e+03 1.771646531245418828e+03
3.050000000000000000e+03 1.772460745012951975e+03
3.060000000000000000e+03 1.773274958780485122e+03
3.070000000000000000e+03 1.774501579467106012e+03
3.080000000000000000e+03 1.775728200153727130e+03
3.090000000000000000e+03 1.776954820840348020e+03
3.100000000000000000e+03 1.777897784642090073e+03
3.110000000000000000e+03 1.778840748443831899e+03
3.120000000000000000e+03 1.779783712245573952e+03
3.130000000000000000e+03 1.780855968589852182e+03
3.140000000000000000e+03 1.781928224934130185e+03
3.150000000000000000e+03 1.783000481278408415e+03
3.160000000000000000e+03 1.784421738336387079e+03
3.170000000000000000e+03 1.785842995394365971e+03
3.180000000000000000e+03 1.787264252452344635e+03
3.190000000000000000e+03 1.788877074090938549e+03
3.200000000000000000e+03 1.790489895729532236e+03
3.210000000000000000e+03 1.792102717368126150e+03
3.220000000000000000e+03 1.793887893200359485e+03
3.230000000000000000e+03 1.795673069032593048e+03
3.240000000000000000e+03 1.797458244864826383e+03
3.250000000000000000e+03 1.799072880768461573e+03
3.260000000000000000e+03 1.800687516672096535e+03
3.270000000000000000e+03 1.802302152575731725e+03
3.280000000000000000e+03 1.803638457228902553e+03
3.290000000000000000e+03 1.804974761882073381e+03
3.300000000000000000e+03 1.806311066535244208e+03
3.310000000000000000e+03 1.807445869018656140e+03
3.320000000000000000e+03 1.808580671502068071e+03
3.330000000000000000e+03 1.809715473985480003e+03
3.340000000000000000e+03 1.810747472954125897e+03
3.350000000000000000e+03 1.811779471922771563e+03
3.360000000000000000e+03 1.812811470891417457e+03
3.370000000000000000e+03 1.814105028718289759e+03
3.380000000000000000e+03 1.815398586545162061e+03
3.390000000000000000e+03 1.816692144372034363e+03
3.400000000000000000e+03 1.817811634272318088e+03
3.410000000000000000e+03 1.818931124172601585e+03
3.420000000000000000e+03 1.820050614072885310e+03
3.430000000000000000e+03 1.820787707774178216e+03
3.440000000000000000e+03 1.821524801475471349e+03
3.450000000000000000e+03 1.822261895176764256e+03
3.460000000000000000e+03 1.823061811859661475e+03
3.470000000000000000e+03 1.823861728542558922e+03
3.480000000000000000e+03 1.824661645225456141e+03
3.490000000000000000e+03 1.825551582436641183e+03
3.500000000000000000e+03 1.826441519647826226e+03
3.510000000000000000e+03 1.827331456859011269e+03
3.520000000000000000e+03 1.828614402164004559e+03
3.530000000000000000e+03 1.829897347468998078e+03
3.540000000000000000e+03 1.831180292773991368e+03
3.550000000000000000e+03 1.832626296732840046e+03
3.560000000000000000e+03 1.834072300691688724e+03
3.570000000000000000e+03 1.835518304650537402e+03
3.580000000000000000e+03 1.836410427025869467e+03
3.590000000000000000e+03 1.837302549401201759e+03
3.600000000000000000e+03 1.838194671776533824e+03
3.610000000000000000e+03 1.838935775316351737e+03
3.620000000000000000e+03 1.839676878856169878e+03
3.630000000000000000e+03 1.840417982395987792e+03
3.640000000000000000e+03 1.841659322816795566e+03
3.650000000000000000e+03 1.842900663237603112e+03
3.660000000000000000e+03 1.844142003658410886e+03
3.670000000000000000e+03 1.845082489185630948e+03
3.680000000000000000e+03 1.846022974712851010e+03
3.690000000000000000e+03 1.846963460240071072e+03
3.700000000000000000e+03 1.847632195307037819e+03
3.710000000000000000e+03 1.848300930374004565e+03
3.720000000000000000e+03 1.848969665440971312e+03
3.730000000000000000e+03 1.849757874339375576e+03
3.740000000000000000e+03 1.850546083237779612e+03
3.750000000000000000e+03 1.851334292136183876e+03
3.760000000000000000e+03 1.852414030998059843e+03
3.770000000000000000e+03 1.853493769859935583e+03
3.780000000000000000e+03 1.854573508721811550e+03
3.790000000000000000e+03 1.856236520771126152e+03
3.800000000000000000e+03 1.857899532820440754e+03
3.810000000000000000e+03 1.859562544869755357e+03
3.820000000000000000e+03 1.861550308371178062e+03
3.830000000000000000e+03 1.863538071872600995e+03
3.840000000000000000e+03 1.865525835374023700e+03
3.850000000000000000e+03 1.867238270371887893e+03
3.860000000000000000e+03 1.868950705369752313e+03
3.870000000000000000e+03 1.870663140367616506e+03
3.880000000000000000e+03 1.872407746357424912e+03
3.890000000000000000e+03 1.874152352347233318e+03
3.900000000000000000e+03 1.875896958337041724e+03
3.910000000000000000e+03 1.877858604441710440e+03
3.920000000000000000e+03 1.879820250546379384e+03
3.930000000000000000e+03 1.881781896651048100e+03
3.940000000000000000e+03 1.883573979930765972e+03
3.950000000000000000e+03 1.885366063210483617e+03
3.960000000000000000e+03 1.887158146490201489e+03
3.970000000000000000e+03 1.889352489948205402e+03
3.980000000000000000e+03 1.891546833406209544e+03
3.990000000000000000e+03 1.893741176864213458e+03
4.000000000000000000e+03 1.895074385685028801e+03
4.010000000000000000e+03 1.896407594505844145e+03
4.020000000000000000e+03 1.897740803326659488e+03
4.030000000000000000e+03 1.898721093589641441e+03
4.040000000000000000e+03 1.899701383852623621e+03
4.050000000000000000e+03 1.900681674115605574e+03
4.060000000000000000e+03 1.901525266398122540e+03
4.070000000000000000e+03 1.902368858680639732e+03
4.080000000000000000e+03 1.903212450963156698e+03
4.090000000000000000e+03 1.904128536248881801e+03
4.100000000000000000e+03 1.905044621534607131e+03
4.110000000000000000e+03 1.905960706820332234e+03
4.120000000000000000e+03 1.907212944579507166e+03
4.130000000000000000e+03 1.908465182338682098e+03
4.140000000000000000e+03 1.909717420097857030e+03
4.150000000000000000e+03 1.911814359803438265e+03
4.160000000000000000e+03 1.913911299509019273e+03
4.170000000000000000e+03 1.916008239214600508e+03
4.180000000000000000e+03 1.917529550794955640e+03
4.190000000000000000e+03 1.919050862375310999e+03
4.200000000000000000e+03 1.920572173955666130e+03
4.210000000000000000e+03 1.922157244146833818e+03
4.220000000000000000e+03 1.923742314338001734e+03
4.230000000000000000e+03 1.925327384529169422e+03
4.240000000000000000e+03 1.927288384760142662e+03
4.250000000000000000e+03 1.929249384991116131e+03
4.260000000000000000e+03 1.931210385222089371e+03
4.270000000000000000e+03 1.932963493078301553e+03
4.280000000000000000e+03 1.934716600934513508e+03
4.290000000000000000e+03 1.936469708790725690e+03
4.300000000000000000e+03 1.937752823467583312e+03
4.310000000000000000e+03 1.939035938144440934e+03
4.320000000000000000e+03 1.940319052821298556e+03
4.330000000000000000e+03 1.941334327782178661e+03
4.340000000000000000e+03 1.942349602743058767e+03
4.350000000000000000e+03 1.943364877703938873e+03
4.360000000000000000e+03 1.944505136001930396e+03
4.370000000000000000e+03 1.945645394299921918e+03
4.380000000000000000e+03 1.946785652597913440e+03
4.390000000000000000e+03 1.947804591873131812e+03
4.400000000000000000e+03 1.948823531148350412e+03
4.410000000000000000e+03 1.949842470423568784e+03
4.420000000000000000e+03 1.950681784763411997e+03
4.430000000000000000e+03 1.951521099103255438e+03
4.440000000000000000e+03 1.952360413443098651e+03
4.450000000000000000e+03 1.953096608414283992e+03
4.460000000000000000e+03 1.953832803385469560e+03
4.470000000000000000e+03 1.954568998356654902e+03
4.480000000000000000e+03 1.955510083552084552e+03
4.490000000000000000e+03 1.956451168747513975e+03
4.500000000000000000e+03 1.957392253942943626e+03
4.510000000000000000e+03 1.958793812326436864e+03
4.520000000000000000e+03 1.960195370709929875e+03
4.530000000000000000e+03 1.961596929093423114e+03
4.540000000000000000e+03 1.963053343181041782e+03
4.550000000000000000e+03 1.964509757268660451e+03
4.560000000000000000e+03 1.965966171356279119e+03
4.570000000000000000e+03 1.968034001962422963e+03
4.580000000000000000e+03 1.970101832568567033e+03
4.590000000000000000e+03 1.972169663174710877e+03
4.600000000000000000e+03 1.973506821236992437e+03
4.610000000000000000e+03 1.974843979299274224e+03
4.620000000000000000e+03 1.976181137361555784e+03
4.630000000000000000e+03 1.977178092583257694e+03
4.640000000000000000e+03 1.978175047804959377e+03
4.650000000000000000e+03 1.979172003026661287e+03
4.660000000000000000e+03 1.980151091796773244e+03
4.670000000000000000e+03 1.981130180566885201e+03
4.680000000000000000e+03 1.982109269336997158e+03
4.690000000000000000e+03 1.982680437948869894e+03
4.700000000000000000e+03 1.983251606560742403e+03
4.710000000000000000e+03 1.983822775172615138e+03
4.720000000000000000e+03 1.984306439529800400e+03
4.730000000000000000e+03 1.984790103886985662e+03
4.740000000000000000e+03 1.985273768244170924e+03
4.750000000000000000e+03 1.986210960175098080e+03
4.760000000000000000e+03 1.987148152106025464e+03
4.770000000000000000e+03 1.988085344036952620e+03
4.780000000000000000e+03 1.988505307150558565e+03
4.790000000000000000e+03 1.988925270264164737e+03
4.800000000000000000e+03 1.989345233377770683e+03
4.810000000000000000e+03 1.989787276569720916e+03
4.820000000000000000e+03 1.990229319761671150e+03
4.830000000000000000e+03 1.990671362953621383e+03
4.840000000000000000e+03 1.991416684672057954e+03
4.850000000000000000e+03 1.992162006390494525e+03
4.860000000000000000e+03 1.992907328108931097e+03
4.870000000000000000e+03 1.994227983701396852e+03
4.880000000000000000e+03 1.995548639293862834e+03
4.890000000000000000e+03 1.996869294886328589e+03
4.900000000000000000e+03 1.998265057695884934e+03
4.910000000000000000e+03 1.999660820505441279e+03
4.920000000000000000e+03 2.001056583314997624e+03
4.930000000000000000e+03 2.003085572387584989e+03
4.940000000000000000e+03 2.005114561460172581e+03
4.950000000000000000e+03 2.007143550532759946e+03
4.960000000000000000e+03 2.009054572967355170e+03
4.970000000000000000e+03 2.010965595401950168e+03
4.980000000000000000e+03 2.012876617836545392e+03
4.990000000000000000e+03 2.014378396840949335e+03
5.000000000000000000e+03 2.015880175845353051e+03
5.010000000000000000e+03 2.017381954849756994e+03
5.020000000000000000e+03 2.018824611474270796e+03
5.030000000000000000e+03 2.020267268098784825e+03
5.040000000000000000e+03 2.021709924723298627e+03
5.050000000000000000e+03 2.022782884453103634e+03
5.060000000000000000e+03 2.023855844182908641e+03
5.070000000000000000e+03 2.024928803912713647e+03
5.080000000000000000e+03 2.025831615276616731e+03
5.090000000000000000e+03 2.026734426640520041e+03
5.100000000000000000e+03 2.027637238004423125e+03
5.110000000000000000e+03 2.028609635382794977e+03
5.120000000000000000e+03 2.029582032761166829e+03
5.130000000000000000e+03 2.030554430139538681e+03
5.140000000000000000e+03 2.031591634486334669e+03
5.150000000000000000e+03 2.032628838833130885e+03
5.160000000000000000e+03 2.033666043179926874e+03
5.170000000000000000e+03 2.035059080478623855e+03
5.180000000000000000e+03 2.036452117777320836e+03
5.190000000000000000e+03 2.037845155076017818e+03
5.200000000000000000e+03 2.039226364277933499e+03
5.210000000000000000e+03 2.040607573479849179e+03
5.220000000000000000e+03 2.041988782681764860e+03
5.230000000000000000e+03 2.043445473672572689e+03
5.240000000000000000e+03 2.044902164663380745e+03
5.250000000000000000e+03 2.046358855654188574e+03
5.260000000000000000e+03 2.047942872795663561e+03
5.270000000000000000e+03 2.049526889937138549e+03
5.280000000000000000e+03 2.051110907078613764e+03
5.290000000000000000e+03 2.052442929982458281e+03
5.300000000000000000e+03 2.053774952886302799e+03
5.310000000000000000e+03 2.055106975790147317e+03
5.320000000000000000e+03 2.056535468677262543e+03
5.330000000000000000e+03 2.057963961564377769e+03
5.340000000000000000e+03 2.059392454451492995e+03
5.350000000000000000e+03 2.060934646457191320e+03
5.360000000000000000e+03 2.062476838462889646e+03
5.370000000000000000e+03 2.064019030468587971e+03
5.380000000000000000e+03 2.065154479222244390e+03
5.390000000000000000e+03 2.066289927975901264e+03
5.400000000000000000e+03 2.067425376729557684e+03
5.410000000000000000e+03 2.068516429130655069e+03
5.420000000000000000e+03 2.069607481531752910e+03
5.430000000000000000e+03 2.070698533932850296e+03
5.440000000000000000e+03 2.071409920508316191e+03
5.450000000000000000e+03 2.072121307083782085e+03
5.460000000000000000e+03 2.072832693659247980e+03
5.470000000000000000e+03 2.073452149160224508e+03
5.480000000000000000e+03 2.074071604661201491e+03
5.490000000000000000e+03 2.074691060162178019e+03
5.500000000000000000e+03 2.075313722306268573e+03
5.510000000000000000e+03 2.075936384450359128e+03
5.520000000000000000e+03 2.076559046594449683e+03
5.530000000000000000e+03 2.077609331356791245e+03
5.540000000000000000e+03 2.078659616119132352e+03
5.550000000000000000e+03 2.079709900881473914e+03
5.560000000000000000e+03 2.080484858226619963e+03
5.570000000000000000e+03 2.081259815571765557e+03
5.580000000000000000e+03 2.082034772916911606e+03
5.590000000000000000e+03 2.083298336306770580e+03
5.600000000000000000e+03 2.084561899696629553e+03
5.610000000000000000e+03 2.085825463086488526e+03
5.620000000000000000e+03 2.086758030636176500e+03
5.630000000000000000e+03 2.087690598185864019e+03
5.640000000000000000e+03 2.088623165735551993e+03
5.650000000000000000e+03 2.089173593823647025e+03
5.660000000000000000e+03 2.089724021911742057e+03
5.670000000000000000e+03 2.090274449999837088e+03
5.680000000000000000e+03 2.090907330763876871e+03
5.690000000000000000e+03 2.091540211527917108e+03
5.700000000000000000e+03 2.092173092291956891e+03
5.710000000000000000e+03 2.093073726145549244e+03
5.720000000000000000e+03 2.093974359999142052e+03
5.730000000000000000e+03 2.094874993852734406e+03
5.740000000000000000e+03 2.095524361560924262e+03
5.750000000000000000e+03 2.096173729269114574e+03
5.760000000000000000e+03 2.096823096977304431e+03
5.770000000000000000e+03 2.097636027605880372e+03
5.780000000000000000e+03 2.098448958234455858e+03
5.790000000000000000e+03 2.099261888863031800e+03
5.800000000000000000e+03 2.100768406167195735e+03
5.810000000000000000e+03 2.102274923471359216e+03
5.820000000000000000e+03 2.103781440775523151e+03
5.830000000000000000e+03 2.105165999181845109e+03
5.840000000000000000e+03 2.106550557588167521e+03
5.850000000000000000e+03 2.107935115994489479e+03
5.860000000000000000e+03 2.109303603907119850e+03
5.870000000000000000e+03 2.110672091819749767e+03
5.880000000000000000e+03 2.112040579732380138e+03
5.890000000000000000e+03 2.113801878233561638e+03
5.900000000000000000e+03 2.115563176734743593e+03
5.910000000000000000e+03 2.117324475235925092e+03
5.920000000000000000e+03 2.119048710795600982e+03
5.930000000000000000e+03 2.120772946355276417e+03
5.940000000000000000e+03 2.122497181914952307e+03
5.950000000000000000e+03 2.124199538282849971e+03
5.960000000000000000e+03 2.125901894650748090e+03
5.970000000000000000e+03 2.127604251018645755e+03
5.980000000000000000e+03 2.129468224488511623e+03
5.990000000000000000e+03 2.131332197958377037e+03
6.000000000000000000e+03 2.133196171428242906e+03
6.010000000000000000e+03 2.135332762209612156e+03
6.020000000000000000e+03 2.137469352990981861e+03
6.030000000000000000e+03 2.139605943772351111e+03
6.040000000000000000e+03 2.141636230003332003e+03
6.050000000000000000e+03 2.143666516234312439e+03
6.060000000000000000e+03 2.145696802465293331e+03
6.070000000000000000e+03 2.147773817077629701e+03
6.080000000000000000e+03 2.149850831689965617e+03
6.090000000000000000e+03 2.151927846302301987e+03
6.100000000000000000e+03 2.153459744521176162e+03
6.110000000000000000e+03 2.154991642740049883e+03
6.120000000000000000e+03 2.156523540958924059e+03
6.130000000000000000e+03 2.157770877462308363e+03
6.140000000000000000e+03 2.159018213965692667e+03
6.150000000000000000e+03 2.160265550469076970e+03
6.160000000000000000e+03 2.161642801748949751e+03
6.170000000000000000e+03 2.163020053028822531e+03
6.180000000000000000e+03 2.164397304308695311e+03
6.190000000000000000e+03 2.165784295856331937e+03
6.200000000000000000e+03 2.167171287403969018e+03
6.210000000000000000e+03 2.168558278951605644e+03
6.220000000000000000e+03 2.169302951755562844e+03
6.230000000000000000e+03 2.170047624559520500e+03
6.240000000000000000e+03 2.170792297363477701e+03
6.250000000000000000e+03 2.171792848033768223e+03
6.260000000000000000e+03 2.172793398704058291e+03
6.270000000000000000e+03 2.173793949374348813e+03
6.280000000000000000e+03 2.174412718364263583e+03
6.290000000000000000e+03 2.175031487354177898e+03
6.300000000000000000e+03 2.175650256344092668e+03
6.310000000000000000e+03 2.176835131744346199e+03
6.320000000000000000e+03 2.178020007144600186e+03
6.330000000000000000e+03 2.179204882544853717e+03
6.340000000000000000e+03 2.179371309288650536e+03
6.350000000000000000e+03 2.179537736032447810e+03
6.360000000000000000e+03 2.179704162776244630e+03
6.370000000000000000e+03 2.179903402339909917e+03
6.380000000000000000e+03 2.180102641903575204e+03
6.390000000000000000e+03 2.180301881467240491e+03
6.400000000000000000e+03 2.181231723212021734e+03
6.410000000000000000e+03 2.182161564956803431e+03
6.420000000000000000e+03 2.183091406701584674e+03
6.430000000000000000e+03 2.184431303303414552e+03
6.440000000000000000e+03 2.185771199905244885e+03
6.450000000000000000e+03 2.187111096507074762e+03
6.460000000000000000e+03 2.189672983861190005e+03
6.470000000000000000e+03 2.192234871215305247e+03
6.480000000000000000e+03 2.194796758569420490e+03
6.490000000000000000e+03 2.197637382244562104e+03
6.500000000000000000e+03 2.200478005919703719e+03
6.510000000000000000e+03 2.203318629594845333e+03
6.520000000000000000e+03 2.206124635062050402e+03
6.530000000000000000e+03 2.208930640529255470e+03
6.540000000000000000e+03 2.211736645996460538e+03
6.550000000000000000e+03 2.215041784057966197e+03
6.560000000000000000e+03 2.218346922119471856e+03
6.570000000000000000e+03 2.221652060180977514e+03
6.580000000000000000e+03 2.224850844193247667e+03
6.590000000000000000e+03 2.228049628205517820e+03
6.600000000000000000e+03 2.231248412217787973e+03
6.610000000000000000e+03 2.234840026681746622e+03
6.620000000000000000e+03 2.238431641145704816e+03
6.630000000000000000e+03 2.242023255609663465e+03
6.640000000000000000e+03 2.245059539285477513e+03
6.650000000000000000e+03 2.248095822961291105e+03
6.660000000000000000e+03 2.251132106637105153e+03
6.670000000000000000e+03 2.253911669483274181e+03
6.680000000000000000e+03 2.256691232329442755e+03
6.690000000000000000e+03 2.259470795175611784e+03
6.700000000000000000e+03 2.262283526488949519e+03
6.710000000000000000e+03 2.265096257802287710e+03
6.720000000000000000e+03 2.267908989115625445e+03
6.730000000000000000e+03 2.269905463962802969e+03
6.740000000000000000e+03 2.271901938809980493e+03
6.750000000000000000e+03 2.273898413657158017e+03
6.760000000000000000e+03 2.275726362679478370e+03
6.770000000000000000e+03 2.277554311701798724e+03
6.780000000000000000e+03 2.279382260724119078e+03
6.790000000000000000e+03 2.281631425424187910e+03
6.800000000000000000e+03 2.283880590124256742e+03
6.810000000000000000e+03 2.286129754824325573e+03
6.820000000000000000e+03 2.287776607575006892e+03
6.830000000000000000e+03 2.289423460325688211e+03
6.840000000000000000e+03 2.291070313076369530e+03
6.850000000000000000e+03 2.293249515606788009e+03
6.860000000000000000e+03 2.295428718137206488e+03
6.870000000000000000e+03 2.297607920667624967e+03
6.880000000000000000e+03 2.300091020732412744e+03
6.890000000000000000e+03 2.302574120797200067e+03
6.900000000000000000e+03 2.305057220861987844e+03
6.910000000000000000e+03 2.308830281275366360e+03
6.920000000000000000e+03 2.312603341688744422e+03
6.930000000000000000e+03 2.316376402102122938e+03
6.940000000000000000e+03 2.320674626034587618e+03
6.950000000000000000e+03 2.324972849967052298e+03
6.960000000000000000e+03 2.329271073899516978e+03
6.970000000000000000e+03 2.332603820499432004e+03
6.980000000000000000e+03 2.335936567099347485e+03
6.990000000000000000e+03 2.339269313699262511e+03
7.000000000000000000e+03 2.342816171241081975e+03
7.010000000000000000e+03 2.346363028782901438e+03
7.020000000000000000e+03 2.349909886324720901e+03
7.030000000000000000e+03 2.352840579068957140e+03
7.040000000000000000e+03 2.355771271813192925e+03
7.050000000000000000e+03 2.358701964557429164e+03
7.060000000000000000e+03 2.362018327823314849e+03
7.070000000000000000e+03 2.365334691089200987e+03
7.080000000000000000e+03 2.368651054355086671e+03
7.090000000000000000e+03 2.371988393991801786e+03
7.100000000000000000e+03 2.375325733628517355e+03
7.110000000000000000e+03 2.378663073265232470e+03
7.120000000000000000e+03 2.381933427977212432e+03
7.130000000000000000e+03 2.385203782689191939e+03
7.140000000000000000e+03 2.388474137401171902e+03
7.150000000000000000e+03 2.392545192258993666e+03
7.160000000000000000e+03 2.396616247116814975e+03
7.170000000000000000e+03 2.400687301974636739e+03
7.180000000000000000e+03 2.404680563043318216e+03
7.190000000000000000e+03 2.408673824111999693e+03
7.200000000000000000e+03 2.412667085180681170e+03
7.210000000000000000e+03 2.417229212705546615e+03
7.220000000000000000e+03 2.421791340230411606e+03
7.230000000000000000e+03 2.426353467755277052e+03
7.240000000000000000e+03 2.430617609976673066e+03
7.250000000000000000e+03 2.434881752198069080e+03
7.260000000000000000e+03 2.439145894419465094e+03
7.270000000000000000e+03 2.443672980101103803e+03
7.280000000000000000e+03 2.448200065782742968e+03
7.290000000000000000e+03 2.452727151464381677e+03
7.300000000000000000e+03 2.458400224127589809e+03
7.310000000000000000e+03 2.464073296790798395e+03
7.320000000000000000e+03 2.469746369454006526e+03
7.330000000000000000e+03 2.473791767746954974e+03
7.340000000000000000e+03 2.477837166039903423e+03
7.350000000000000000e+03 2.481882564332851871e+03
7.360000000000000000e+03 2.485414202572294471e+03
7.370000000000000000e+03 2.488945840811736616e+03
7.380000000000000000e+03 2.492477479051179216e+03
7.390000000000000000e+03 2.496473198552371741e+03
7.400000000000000000e+03 2.500468918053564266e+03
7.410000000000000000e+03 2.504464637554756791e+03
7.420000000000000000e+03 2.506771973106297082e+03
7.430000000000000000e+03 2.509079308657837373e+03
7.440000000000000000e+03 2.511386644209377664e+03
7.450000000000000000e+03 2.513331576603100075e+03
7.460000000000000000e+03 2.515276508996822031e+03
7.470000000000000000e+03 2.517221441390544442e+03
7.480000000000000000e+03 2.518473619026203778e+03
7.490000000000000000e+03 2.519725796661862660e+03
7.500000000000000000e+03 2.520977974297521996e+03
7.510000000000000000e+03 2.522460994495373598e+03
7.520000000000000000e+03 2.523944014693225654e+03
7.530000000000000000e+03 2.525427034891077255e+03
7.540000000000000000e+03 2.528494989141523092e+03
7.550000000000000000e+03 2.531562943391968474e+03
7.560000000000000000e+03 2.534630897642414311e+03
7.570000000000000000e+03 2.537010372316023677e+03
7.580000000000000000e+03 2.539389846989633497e+03
7.590000000000000000e+03 2.541769321663242863e+03
7.600000000000000000e+03 2.544945133099173745e+03
7.610000000000000000e+03 2.548120944535105082e+03
7.620000000000000000e+03 2.551296755971035964e+03
7.630000000000000000e+03 2.554055201903038778e+03
7.640000000000000000e+03 2.556813647835042048e+03
7.650000000000000000e+03 2.559572093767044862e+03
7.660000000000000000e+03 2.562578703133203817e+03
7.670000000000000000e+03 2.565585312499362317e+03
7.680000000000000000e+03 2.568591921865521272e+03
7.690000000000000000e+03 2.572303163288664109e+03
7.700000000000000000e+03 2.576014404711806492e+03
7.710000000000000000e+03 2.579725646134949329e+03
7.720000000000000000e+03 2.582706572315487392e+03
7.730000000000000000e+03 2.585687498496025910e+03
7.740000000000000000e+03 2.588668424676563973e+03
7.750000000000000000e+03 2.591515485021813220e+03
7.760000000000000000e+03 2.594362545367062012e+03
7.770000000000000000e+03 2.597209605712311259e+03
7.780000000000000000e+03 2.599789055711612946e+03
7.790000000000000000e+03 2.602368505710914633e+03
7.800000000000000000e+03 2.604947955710216320e+03
7.810000000000000000e+03 2.606347778216761526e+03
7.820000000000000000e+03 2.607747600723307187e+03
7.830000000000000000e+03 2.609147423229852393e+03
7.840000000000000000e+03 2.610167974116914593e+03
7.850000000000000000e+03 2.611188525003977247e+03
7.860000000000000000e+03 2.612209075891039447e+03
7.870000000000000000e+03 2.613393737516880265e+03
7.880000000000000000e+03 2.614578399142720627e+03
7.890000000000000000e+03 2.615763060768561445e+03
7.900000000000000000e+03 2.617269828838881494e+03
7.910000000000000000e+03 2.618776596909201999e+03
7.920000000000000000e+03 2.620283364979522048e+03
7.930000000000000000e+03 2.621116318438499093e+03
7.940000000000000000e+03 2.621949271897475683e+03
7.950000000000000000e+03 2.622782225356452727e+03
7.960000000000000000e+03 2.624343843641181138e+03
7.970000000000000000e+03 2.625905461925910004e+03
7.980000000000000000e+03 2.627467080210638414e+03
7.990000000000000000e+03 2.629310490889142329e+03
8.000000000000000000e+03 2.631153901567646244e+03
8.010000000000000000e+03 2.632997312246150159e+03
8.020000000000000000e+03 2.635019384555165288e+03
8.030000000000000000e+03 2.637041456864180418e+03
8.040000000000000000e+03 2.639063529173195548e+03
8.050000000000000000e+03 2.641955015119241125e+03
8.060000000000000000e+03 2.644846501065287157e+03
8.070000000000000000e+03 2.647737987011332734e+03
8.080000000000000000e+03 2.650757152590131227e+03
8.090000000000000000e+03 2.653776318168929720e+03
8.100000000000000000e+03 2.656795483747728213e+03
8.110000000000000000e+03 2.660591694847162216e+03
8.120000000000000000e+03 2.664387905946595765e+03
8.130000000000000000e+03 2.668184117046029769e+03
8.140000000000000000e+03 2.671921214994965339e+03
8.150000000000000000e+03 2.675658312943900910e+03
8.160000000000000000e+03 2.679395410892836480e+03
8.170000000000000000e+03 2.682473440328873494e+03
8.180000000000000000e+03 2.685551469764910507e+03
8.190000000000000000e+03 2.688629499200947521e+03
8.200000000000000000e+03 2.692173214770651612e+03
8.210000000000000000e+03 2.695716930340355702e+03
8.220000000000000000e+03 2.699260645910059793e+03
8.230000000000000000e+03 2.701177944440999909e+03
8.240000000000000000e+03 2.703095242971939570e+03
8.250000000000000000e+03 2.705012541502879685e+03
8.260000000000000000e+03 2.707692658822706562e+03
8.270000000000000000e+03 2.710372776142532985e+03
8.280000000000000000e+03 2.713052893462359862e+03
8.290000000000000000e+03 2.713554826074157518e+03
8.300000000000000000e+03 2.714056758685954719e+03
8.310000000000000000e+03 2.714558691297752375e+03
8.320000000000000000e+03 2.714162686112480060e+03
8.330000000000000000e+03 2.713766680927207290e+03
8.340000000000000000e+03 2.713370675741934974e+03
8.350000000000000000e+03 2.714350339815801817e+03
8.360000000000000000e+03 2.715330003889668205e+03
8.370000000000000000e+03 2.716309667963535048e+03
8.380000000000000000e+03 2.717731997518791559e+03
8.390000000000000000e+03 2.719154327074048524e+03
8.400000000000000000e+03 2.720576656629305035e+03
8.410000000000000000e+03 2.723498164590314900e+03
8.420000000000000000e+03 2.726419672551324766e+03
8.430000000000000000e+03 2.729341180512334631e+03
8.440000000000000000e+03 2.734175777277487214e+03
8.450000000000000000e+03 2.739010374042639796e+03
8.460000000000000000e+03 2.743844970807792379e+03
8.470000000000000000e+03 2.750802093982985753e+03
8.480000000000000000e+03 2.757759217158179581e+03
8.490000000000000000e+03 2.764716340333372955e+03
8.500000000000000000e+03 2.773728233987289059e+03
8.510000000000000000e+03 2.782740127641205618e+03
8.520000000000000000e+03 2.791752021295121722e+03
8.530000000000000000e+03 2.802401015213703431e+03
8.540000000000000000e+03 2.813050009132285140e+03
8.550000000000000000e+03 2.823699003050866850e+03
8.560000000000000000e+03 2.835144791991793682e+03
8.570000000000000000e+03 2.846590580932720059e+03
8.580000000000000000e+03 2.858036369873646890e+03
8.590000000000000000e+03 2.868943292820811621e+03
8.600000000000000000e+03 2.879850215767975897e+03
8.610000000000000000e+03 2.890757138715140627e+03
8.620000000000000000e+03 2.899221458133126362e+03
8.630000000000000000e+03 2.907685777551111642e+03
8.640000000000000000e+03 2.916150096969097376e+03
8.650000000000000000e+03 2.919627278057652802e+03
8.660000000000000000e+03 2.923104459146208228e+03
