0.000000000000000000e+00 1.728427180571423605e+03
1.000000000000000000e+01 1.728340409181616678e+03
2.000000000000000000e+01 1.728253637791809751e+03
3.000000000000000000e+01 1.728166866402002825e+03
4.000000000000000000e+01 1.728360403490419003e+03
5.000000000000000000e+01 1.728553940578835181e+03
6.000000000000000000e+01 1.728747477667251360e+03
7.000000000000000000e+01 1.729114809995072619e+03
8.000000000000000000e+01 1.729482142322894106e+03
9.000000000000000000e+01 1.729849474650715365e+03
1.000000000000000000e+02 1.730307794942591272e+03
1.100000000000000000e+02 1.730766115234467406e+03
1.200000000000000000e+02 1.731224435526343314e+03
1.300000000000000000e+02 1.731712161352537805e+03
1.400000000000000000e+02 1.732199887178732070e+03
1.500000000000000000e+02 1.732687613004926561e+03
1.600000000000000000e+02 1.733161905663465177e+03
1.700000000000000000e+02 1.733636198322003565e+03
1.800000000000000000e+02 1.734110490980542181e+03
1.900000000000000000e+02 1.734544774379359524e+03
2.000000000000000000e+02 1.734979057778177093e+03
2.100000000000000000e+02 1.735413341176994436e+03
2.200000000000000000e+02 1.735794820716081631e+03
2.300000000000000000e+02 1.736176300255169053e+03
2.400000000000000000e+02 1.736557779794256248e+03
2.500000000000000000e+02 1.736884961247808178e+03
2.600000000000000000e+02 1.737212142701359880e+03
2.700000000000000000e+02 1.737539324154911810e+03
2.800000000000000000e+02 1.737819532552962073e+03
2.900000000000000000e+02 1.738099740951012109e+03
3.000000000000000000e+02 1.738379949349062372e+03
3.100000000000000000e+02 1.738653049805768887e+03
3.200000000000000000e+02 1.738926150262475630e+03
3.300000000000000000e+02 1.739199250719182146e+03
3.400000000000000000e+02 1.739406184264106741e+03
3.500000000000000000e+02 1.739613117809031337e+03
3.600000000000000000e+02 1.739820051353955932e+03
3.700000000000000000e+02 1.740107644857394234e+03
3.800000000000000000e+02 1.740395238360832309e+03
3.900000000000000000e+02 1.740682831864270611e+03
4.000000000000000000e+02 1.740935041177540143e+03
4.100000000000000000e+02 1.741187250490809902e+03
4.200000000000000000e+02 1.741439459804079434e+03
4.300000000000000000e+02 1.741681450676112718e+03
4.400000000000000000e+02 1.741923441548145775e+03
4.500000000000000000e+02 1.742165432420179059e+03
4.600000000000000000e+02 1.742482134057346457e+03
4.700000000000000000e+02 1.742798835694514082e+03
4.800000000000000000e+02 1.743115537331681480e+03
4.900000000000000000e+02 1.743460462986730136e+03
5.000000000000000000e+02 1.743805388641779018e+03
5.100000000000000000e+02 1.744150314296827673e+03
5.200000000000000000e+02 1.744539240526331241e+03
5.300000000000000000e+02 1.744928166755835036e+03
5.400000000000000000e+02 1.745317092985338604e+03
5.500000000000000000e+02 1.745762948537472994e+03
5.600000000000000000e+02 1.746208804089607611e+03
5.700000000000000000e+02 1.746654659641742001e+03
5.800000000000000000e+02 1.747038158432463888e+03
5.900000000000000000e+02 1.747421657223185775e+03
6.000000000000000000e+02 1.747805156013907663e+03
6.100000000000000000e+02 1.748195612366598198e+03
6.200000000000000000e+02 1.748586068719288733e+03
6.300000000000000000e+02 1.748976525071979268e+03
6.400000000000000000e+02 1.749560677240471023e+03
6.500000000000000000e+02 1.750144829408962551e+03
6.600000000000000000e+02 1.750728981577454306e+03
6.700000000000000000e+02 1.751199252923509221e+03
6.800000000000000000e+02 1.751669524269564363e+03
6.900000000000000000e+02 1.752139795615619278e+03
7.000000000000000000e+02 1.752679465594469320e+03
7.100000000000000000e+02 1.753219135573319136e+03
7.200000000000000000e+02 1.753758805552169179e+03
7.300000000000000000e+02 1.754243974045740742e+03
7.400000000000000000e+02 1.754729142539312306e+03
7.500000000000000000e+02 1.755214311032883870e+03
7.600000000000000000e+02 1.755724023652377809e+03
7.700000000000000000e+02 1.756233736271871521e+03
7.800000000000000000e+02 1.756743448891365460e+03
7.900000000000000000e+02 1.757379757486398148e+03
8.000000000000000000e+02 1.758016066081430608e+03
8.100000000000000000e+02 1.758652374676463296e+03
8.200000000000000000e+02 1.759375844516813004e+03
8.300000000000000000e+02 1.760099314357162939e+03
8.400000000000000000e+02 1.760822784197512647e+03
8.500000000000000000e+02 1.761723343539146754e+03
8.600000000000000000e+02 1.762623902880780861e+03
8.700000000000000000e+02 1.763524462222414968e+03
8.800000000000000000e+02 1.764197197916511413e+03
8.900000000000000000e+02 1.764869933610607859e+03
9.000000000000000000e+02 1.765542669304704305e+03
9.100000000000000000e+02 1.766132818239326753e+03
9.200000000000000000e+02 1.766722967173949201e+03
9.300000000000000000e+02 1.767313116108571649e+03
9.400000000000000000e+02 1.767768147216207808e+03
9.500000000000000000e+02 1.768223178323844195e+03
9.600000000000000000e+02 1.768678209431480354e+03
9.700000000000000000e+02 1.769150462905863833e+03
9.800000000000000000e+02 1.769622716380247539e+03
9.900000000000000000e+02 1.770094969854631017e+03
1.000000000000000000e+03 1.770426230346125294e+03
1.010000000000000000e+03 1.770757490837619798e+03
1.020000000000000000e+03 1.771088751329114075e+03
1.030000000000000000e+03 1.771497178324880679e+03
1.040000000000000000e+03 1.771905605320647282e+03
1.050000000000000000e+03 1.772314032316413886e+03
1.060000000000000000e+03 1.772561256232550704e+03
1.070000000000000000e+03 1.772808480148687295e+03
1.080000000000000000e+03 1.773055704064824113e+03
1.090000000000000000e+03 1.773129561115063325e+03
1.100000000000000000e+03 1.773203418165302537e+03
1.110000000000000000e+03 1.773277275215541749e+03
1.120000000000000000e+03 1.773328978110524304e+03
1.130000000000000000e+03 1.773380681005507086e+03
1.140000000000000000e+03 1.773432383900489640e+03
1.150000000000000000e+03 1.773603255893138567e+03
1.160000000000000000e+03 1.773774127885787266e+03
1.170000000000000000e+03 1.773944999878436192e+03
1.180000000000000000e+03 1.774130104738390628e+03
1.190000000000000000e+03 1.774315209598345291e+03
1.200000000000000000e+03 1.774500314458299727e+03
1.210000000000000000e+03 1.775046784008402255e+03
1.220000000000000000e+03 1.775593253558504557e+03
1.230000000000000000e+03 1.776139723108607086e+03
1.240000000000000000e+03 1.776658342560373967e+03
1.250000000000000000e+03 1.777176962012140848e+03
1.260000000000000000e+03 1.777695581463907729e+03
1.270000000000000000e+03 1.777985979131864269e+03
1.280000000000000000e+03 1.778276376799821037e+03
1.290000000000000000e+03 1.778566774467777577e+03
1.300000000000000000e+03 1.778736333105802032e+03
1.310000000000000000e+03 1.778905891743826260e+03
1.320000000000000000e+03 1.779075450381850715e+03
1.330000000000000000e+03 1.779473646484049596e+03
1.340000000000000000e+03 1.779871842586248704e+03
1.350000000000000000e+03 1.780270038688447585e+03
1.360000000000000000e+03 1.780785090907020276e+03
1.370000000000000000e+03 1.781300143125592967e+03
1.380000000000000000e+03 1.781815195344165659e+03
1.390000000000000000e+03 1.782495042698067437e+03
1.400000000000000000e+03 1.783174890051969442e+03
1.410000000000000000e+03 1.783854737405871219e+03
1.420000000000000000e+03 1.784562026079483303e+03
1.430000000000000000e+03 1.785269314753095159e+03
1.440000000000000000e+03 1.785976603426707243e+03
1.450000000000000000e+03 1.786743302864231509e+03
1.460000000000000000e+03 1.787510002301756003e+03
1.470000000000000000e+03 1.788276701739280270e+03
1.480000000000000000e+03 1.789013131862069713e+03
1.490000000000000000e+03 1.789749561984859156e+03
1.500000000000000000e+03 1.790485992107648599e+03
1.510000000000000000e+03 1.790839111118097435e+03
1.520000000000000000e+03 1.791192230128546498e+03
1.530000000000000000e+03 1.791545349138995334e+03
1.540000000000000000e+03 1.791583895742338882e+03
1.550000000000000000e+03 1.791622442345682202e+03
1.560000000000000000e+03 1.791660988949025750e+03
1.570000000000000000e+03 1.791616002030734307e+03
1.580000000000000000e+03 1.791571015112442865e+03
1.590000000000000000e+03 1.791526028194151422e+03
1.600000000000000000e+03 1.791505526006264290e+03
1.610000000000000000e+03 1.791485023818376931e+03
1.620000000000000000e+03 1.791464521630489799e+03
1.630000000000000000e+03 1.791716684154090899e+03
1.640000000000000000e+03 1.791968846677692227e+03
1.650000000000000000e+03 1.792221009201293327e+03
1.660000000000000000e+03 1.792235446443670980e+03
1.670000000000000000e+03 1.792249883686048861e+03
1.680000000000000000e+03 1.792264320928426514e+03
1.690000000000000000e+03 1.792286899272013670e+03
1.700000000000000000e+03 1.792309477615600827e+03
1.710000000000000000e+03 1.792332055959187983e+03
1.720000000000000000e+03 1.792449447891691989e+03
1.730000000000000000e+03 1.792566839824195995e+03
1.740000000000000000e+03 1.792684231756700001e+03
1.750000000000000000e+03 1.793009723771677272e+03
1.760000000000000000e+03 1.793335215786654771e+03
1.770000000000000000e+03 1.793660707801632043e+03
1.780000000000000000e+03 1.794360421085337748e+03
1.790000000000000000e+03 1.795060134369043681e+03
1.800000000000000000e+03 1.795759847652749386e+03
1.810000000000000000e+03 1.796789063261152705e+03
1.820000000000000000e+03 1.797818278869556252e+03
1.830000000000000000e+03 1.798847494477959572e+03
1.840000000000000000e+03 1.799662792392055280e+03
1.850000000000000000e+03 1.800478090306151216e+03
1.860000000000000000e+03 1.801293388220246925e+03
1.870000000000000000e+03 1.802095459759137839e+03
1.880000000000000000e+03 1.802897531298028525e+03
1.890000000000000000e+03 1.803699602836919439e+03
1.900000000000000000e+03 1.804087512596119268e+03
1.910000000000000000e+03 1.804475422355319097e+03
1.920000000000000000e+03 1.804863332114518926e+03
1.930000000000000000e+03 1.805346795819718636e+03
1.940000000000000000e+03 1.805830259524918119e+03
1.950000000000000000e+03 1.806313723230117830e+03
1.960000000000000000e+03 1.806565404668881229e+03
1.970000000000000000e+03 1.806817086107644855e+03
1.980000000000000000e+03 1.807068767546408253e+03
1.990000000000000000e+03 1.807281698294387525e+03
2.000000000000000000e+03 1.807494629042366796e+03
2.010000000000000000e+03 1.807707559790346068e+03
2.020000000000000000e+03 1.807996371535769413e+03
2.030000000000000000e+03 1.808285183281192758e+03
2.040000000000000000e+03 1.808573995026616103e+03
2.050000000000000000e+03 1.808991988998330271e+03
2.060000000000000000e+03 1.809409982970044211e+03
2.070000000000000000e+03 1.809827976941758379e+03
2.080000000000000000e+03 1.810570578689130343e+03
2.090000000000000000e+03 1.811313180436502307e+03
2.100000000000000000e+03 1.812055782183874271e+03
2.110000000000000000e+03 1.812707036521532928e+03
2.120000000000000000e+03 1.813358290859191584e+03
2.130000000000000000e+03 1.814009545196850240e+03
2.140000000000000000e+03 1.814715800199878686e+03
2.150000000000000000e+03 1.815422055202907131e+03
2.160000000000000000e+03 1.816128310205935577e+03
2.170000000000000000e+03 1.816923530402941878e+03
2.180000000000000000e+03 1.817718750599947953e+03
2.190000000000000000e+03 1.818513970796954254e+03
2.200000000000000000e+03 1.819395081715402966e+03
2.210000000000000000e+03 1.820276192633851451e+03
2.220000000000000000e+03 1.821157303552300164e+03
2.230000000000000000e+03 1.822232895961812801e+03
2.240000000000000000e+03 1.823308488371325666e+03
2.250000000000000000e+03 1.824384080780838303e+03
2.260000000000000000e+03 1.825121605205697961e+03
2.270000000000000000e+03 1.825859129630557618e+03
2.280000000000000000e+03 1.826596654055417275e+03
2.290000000000000000e+03 1.827316673588075219e+03
2.300000000000000000e+03 1.828036693120732934e+03
2.310000000000000000e+03 1.828756712653390878e+03
2.320000000000000000e+03 1.829012733000267417e+03
2.330000000000000000e+03 1.829268753347143956e+03
2.340000000000000000e+03 1.829524773694020496e+03
2.350000000000000000e+03 1.829553725230902273e+03
2.360000000000000000e+03 1.829582676767783823e+03
2.370000000000000000e+03 1.829611628304665601e+03
2.380000000000000000e+03 1.829914594471243163e+03
2.390000000000000000e+03 1.830217560637820725e+03
2.400000000000000000e+03 1.830520526804398287e+03
2.410000000000000000e+03 1.830359725826376234e+03
2.420000000000000000e+03 1.830198924848353954e+03
2.430000000000000000e+03 1.830038123870331901e+03
2.440000000000000000e+03 1.829895163704822835e+03
2.450000000000000000e+03 1.829752203539313541e+03
2.460000000000000000e+03 1.829609243373804475e+03
2.470000000000000000e+03 1.829679568040226059e+03
2.480000000000000000e+03 1.829749892706647870e+03
2.490000000000000000e+03 1.829820217373069454e+03
2.500000000000000000e+03 1.830439608183955670e+03
2.510000000000000000e+03 1.831058998994841886e+03
2.520000000000000000e+03 1.831678389805728102e+03
2.530000000000000000e+03 1.833212161359346055e+03
2.540000000000000000e+03 1.834745932912964008e+03
2.550000000000000000e+03 1.836279704466581961e+03
2.560000000000000000e+03 1.837582155873881447e+03
2.570000000000000000e+03 1.838884607281180706e+03
2.580000000000000000e+03 1.840187058688480192e+03
2.590000000000000000e+03 1.841324505884377913e+03
2.600000000000000000e+03 1.842461953080275634e+03
2.610000000000000000e+03 1.843599400276173355e+03
2.620000000000000000e+03 1.845113952397614185e+03
2.630000000000000000e+03 1.846628504519054786e+03
2.640000000000000000e+03 1.848143056640495615e+03
2.650000000000000000e+03 1.849716625671962220e+03
2.660000000000000000e+03 1.851290194703428597e+03
2.670000000000000000e+03 1.852863763734895201e+03
2.680000000000000000e+03 1.854354205694447273e+03
2.690000000000000000e+03 1.855844647653999573e+03
2.700000000000000000e+03 1.857335089613551645e+03
2.710000000000000000e+03 1.858589459418381239e+03
2.720000000000000000e+03 1.859843829223210605e+03
2.730000000000000000e+03 1.861098199028040199e+03
2.740000000000000000e+03 1.862209504243954370e+03
2.750000000000000000e+03 1.863320809459868315e+03
2.760000000000000000e+03 1.864432114675782486e+03
2.770000000000000000e+03 1.864856968351184832e+03
2.780000000000000000e+03 1.865281822026586951e+03
2.790000000000000000e+03 1.865706675701989298e+03
2.800000000000000000e+03 1.865680464256268124e+03
2.810000000000000000e+03 1.865654252810546723e+03
2.820000000000000000e+03 1.865628041364825549e+03
2.830000000000000000e+03 1.865484539081747926e+03
2.840000000000000000e+03 1.865341036798670302e+03
2.850000000000000000e+03 1.865197534515592679e+03
2.860000000000000000e+03 1.864860603289119126e+03
2.870000000000000000e+03 1.864523672062645801e+03
2.880000000000000000e+03 1.864186740836172248e+03
2.890000000000000000e+03 1.864076184507059224e+03
2.900000000000000000e+03 1.863965628177946201e+03
2.910000000000000000e+03 1.863855071848833177e+03
2.920000000000000000e+03 1.863721247731326912e+03
2.930000000000000000e+03 1.863587423613820647e+03
2.940000000000000000e+03 1.863453599496314382e+03
2.950000000000000000e+03 1.863676776307039518e+03
2.960000000000000000e+03 1.863899953117764653e+03
2.970000000000000000e+03 1.864123129928489789e+03
2.980000000000000000e+03 1.865171138177662442e+03
2.990000000000000000e+03 1.866219146426835096e+03
3.000000000000000000e+03 1.867267154676007749e+03
3.010000000000000000e+03 1.867753074232550034e+03
3.020000000000000000e+03 1.868238993789092092e+03
3.030000000000000000e+03 1.868724913345634377e+03
3.040000000000000000e+03 1.869061266473886690e+03
3.050000000000000000e+03 1.869397619602138775e+03
3.060000000000000000e+03 1.869733972730391088e+03
3.070000000000000000e+03 1.869968815247426619e+03
3.080000000000000000e+03 1.870203657764462378e+03
3.090000000000000000e+03 1.870438500281497909e+03
3.100000000000000000e+03 1.871174160484106324e+03
3.110000000000000000e+03 1.871909820686714738e+03
3.120000000000000000e+03 1.872645480889323153e+03
3.130000000000000000e+03 1.874196603892535677e+03
3.140000000000000000e+03 1.875747726895748201e+03
3.150000000000000000e+03 1.877298849898960725e+03
3.160000000000000000e+03 1.878046133479467017e+03
3.170000000000000000e+03 1.878793417059973535e+03
3.180000000000000000e+03 1.879540700640479827e+03
3.190000000000000000e+03 1.879830277395854637e+03
3.200000000000000000e+03 1.880119854151229219e+03
3.210000000000000000e+03 1.880409430906604030e+03
3.220000000000000000e+03 1.881024135942025168e+03
3.230000000000000000e+03 1.881638840977446080e+03
3.240000000000000000e+03 1.882253546012867218e+03
3.250000000000000000e+03 1.882768400264689944e+03
3.260000000000000000e+03 1.883283254516512443e+03
3.270000000000000000e+03 1.883798108768335169e+03
3.280000000000000000e+03 1.884695050122867087e+03
3.290000000000000000e+03 1.885591991477399006e+03
3.300000000000000000e+03 1.886488932831930924e+03
3.310000000000000000e+03 1.887347097767088599e+03
3.320000000000000000e+03 1.888205262702246273e+03
3.330000000000000000e+03 1.889063427637403947e+03
3.340000000000000000e+03 1.890312842204274602e+03
3.350000000000000000e+03 1.891562256771145258e+03
3.360000000000000000e+03 1.892811671338015913e+03
3.370000000000000000e+03 1.894396355890468158e+03
3.380000000000000000e+03 1.895981040442920403e+03
3.390000000000000000e+03 1.897565724995372648e+03
3.400000000000000000e+03 1.898907286353986137e+03
3.410000000000000000e+03 1.900248847712599400e+03
3.420000000000000000e+03 1.901590409071212889e+03
3.430000000000000000e+03 1.902800012292595284e+03
3.440000000000000000e+03 1.904009615513977906e+03
3.450000000000000000e+03 1.905219218735360300e+03
3.460000000000000000e+03 1.906991290477407347e+03
3.470000000000000000e+03 1.908763362219454621e+03
3.480000000000000000e+03 1.910535433961501667e+03
3.490000000000000000e+03 1.912345903784373832e+03
3.500000000000000000e+03 1.914156373607245769e+03
3.510000000000000000e+03 1.915966843430117933e+03
3.520000000000000000e+03 1.917904543161463153e+03
3.530000000000000000e+03 1.919842242892808372e+03
3.540000000000000000e+03 1.921779942624153591e+03
3.550000000000000000e+03 1.923884173722228525e+03
3.560000000000000000e+03 1.925988404820303685e+03
3.570000000000000000e+03 1.928092635918378619e+03
3.580000000000000000e+03 1.930461811772557667e+03
3.590000000000000000e+03 1.932830987626736714e+03
3.600000000000000000e+03 1.935200163480915762e+03
3.610000000000000000e+03 1.937268861314045580e+03
3.620000000000000000e+03 1.939337559147175170e+03
3.630000000000000000e+03 1.941406256980304988e+03
3.640000000000000000e+03 1.942939962377664870e+03
3.650000000000000000e+03 1.944473667775024524e+03
3.660000000000000000e+03 1.946007373172384405e+03
3.670000000000000000e+03 1.947291868327085012e+03
3.680000000000000000e+03 1.948576363481785393e+03
3.690000000000000000e+03 1.949860858636486000e+03
3.700000000000000000e+03 1.950734943571182157e+03
3.710000000000000000e+03 1.951609028505878541e+03
3.720000000000000000e+03 1.952483113440574698e+03
3.730000000000000000e+03 1.953391622492591978e+03
3.740000000000000000e+03 1.954300131544609258e+03
3.750000000000000000e+03 1.955208640596626537e+03
3.760000000000000000e+03 1.955698225466235272e+03
3.770000000000000000e+03 1.956187810335843778e+03
3.780000000000000000e+03 1.956677395205452513e+03
3.790000000000000000e+03 1.956915788252106267e+03
3.800000000000000000e+03 1.957154181298759795e+03
3.810000000000000000e+03 1.957392574345413550e+03
3.820000000000000000e+03 1.957878894947872823e+03
3.830000000000000000e+03 1.958365215550332323e+03
3.840000000000000000e+03 1.958851536152791596e+03
3.850000000000000000e+03 1.959211796428396610e+03
3.860000000000000000e+03 1.959572056704001852e+03
3.870000000000000000e+03 1.959932316979606867e+03
3.880000000000000000e+03 1.960736668812185144e+03
3.890000000000000000e+03 1.961541020644763421e+03
3.900000000000000000e+03 1.962345372477341698e+03
3.910000000000000000e+03 1.963136423752170913e+03
3.920000000000000000e+03 1.963927475027000355e+03
3.930000000000000000e+03 1.964718526301829570e+03
3.940000000000000000e+03 1.965904659946706261e+03
3.950000000000000000e+03 1.967090793591582724e+03
3.960000000000000000e+03 1.968276927236459414e+03
3.970000000000000000e+03 1.970169899303292368e+03
3.980000000000000000e+03 1.972062871370125322e+03
3.990000000000000000e+03 1.973955843436958276e+03
4.000000000000000000e+03 1.975264618702864709e+03
4.010000000000000000e+03 1.976573393968771370e+03
4.020000000000000000e+03 1.977882169234677804e+03
4.030000000000000000e+03 1.978847811753416636e+03
4.040000000000000000e+03 1.979813454272155468e+03
4.050000000000000000e+03 1.980779096790894300e+03
4.060000000000000000e+03 1.982212396446813500e+03
4.070000000000000000e+03 1.983645696102732927e+03
4.080000000000000000e+03 1.985078995758652127e+03
4.090000000000000000e+03 1.985981479438541783e+03
4.100000000000000000e+03 1.986883963118431211e+03
4.110000000000000000e+03 1.987786446798320867e+03
4.120000000000000000e+03 1.988556986697654565e+03
4.130000000000000000e+03 1.989327526596988491e+03
4.140000000000000000e+03 1.990098066496322190e+03
4.150000000000000000e+03 1.990568098554236485e+03
4.160000000000000000e+03 1.991038130612151008e+03
4.170000000000000000e+03 1.991508162670065303e+03
4.180000000000000000e+03 1.992032045909291810e+03
4.190000000000000000e+03 1.992555929148518317e+03
4.200000000000000000e+03 1.993079812387744823e+03
4.210000000000000000e+03 1.993835530665428223e+03
4.220000000000000000e+03 1.994591248943111395e+03
4.230000000000000000e+03 1.995346967220794795e+03
4.240000000000000000e+03 1.995776845461086168e+03
4.250000000000000000e+03 1.996206723701377314e+03
4.260000000000000000e+03 1.996636601941668687e+03
4.270000000000000000e+03 1.997269559827473586e+03
4.280000000000000000e+03 1.997902517713278485e+03
4.290000000000000000e+03 1.998535475599083384e+03
4.300000000000000000e+03 1.999179828144542626e+03
4.310000000000000000e+03 1.999824180690002095e+03
4.320000000000000000e+03 2.000468533235461337e+03
4.330000000000000000e+03 2.001407896324088370e+03
4.340000000000000000e+03 2.002347259412715630e+03
4.350000000000000000e+03 2.003286622501342663e+03
4.360000000000000000e+03 2.004759885477624721e+03
4.370000000000000000e+03 2.006233148453906779e+03
4.380000000000000000e+03 2.007706411430188837e+03
4.390000000000000000e+03 2.009118182746265575e+03
4.400000000000000000e+03 2.010529954062342313e+03
4.410000000000000000e+03 2.011941725378419051e+03
4.420000000000000000e+03 2.013665548153290501e+03
4.430000000000000000e+03 2.015389370928161725e+03
4.440000000000000000e+03 2.017113193703033176e+03
4.450000000000000000e+03 2.018594880402847593e+03
4.460000000000000000e+03 2.020076567102662011e+03
4.470000000000000000e+03 2.021558253802476429e+03
4.480000000000000000e+03 2.022658550458005720e+03
4.490000000000000000e+03 2.023758847113535239e+03
4.500000000000000000e+03 2.024859143769064531e+03
4.510000000000000000e+03 2.025781923626904018e+03
4.520000000000000000e+03 2.026704703484743277e+03
4.530000000000000000e+03 2.027627483342582764e+03
4.540000000000000000e+03 2.028621313058035184e+03
4.550000000000000000e+03 2.029615142773487378e+03
4.560000000000000000e+03 2.030608972488939798e+03
4.570000000000000000e+03 2.031633194898020065e+03
4.580000000000000000e+03 2.032657417307100332e+03
4.590000000000000000e+03 2.033681639716180598e+03
4.600000000000000000e+03 2.034558820525328656e+03
4.610000000000000000e+03 2.035436001334476487e+03
4.620000000000000000e+03 2.036313182143624545e+03
4.630000000000000000e+03 2.037461208316379953e+03
4.640000000000000000e+03 2.038609234489135133e+03
4.650000000000000000e+03 2.039757260661890541e+03
4.660000000000000000e+03 2.040868377624943378e+03
4.670000000000000000e+03 2.041979494587996442e+03
4.680000000000000000e+03 2.043090611551049278e+03
4.690000000000000000e+03 2.044232040690728354e+03
4.700000000000000000e+03 2.045373469830407430e+03
4.710000000000000000e+03 2.046514898970086506e+03
4.720000000000000000e+03 2.047587546726516166e+03
4.730000000000000000e+03 2.048660194482945826e+03
4.740000000000000000e+03 2.049732842239375714e+03
4.750000000000000000e+03 2.050733043574288786e+03
4.760000000000000000e+03 2.051733244909201858e+03
4.770000000000000000e+03 2.052733446244114930e+03
4.780000000000000000e+03 2.054034686564058120e+03
4.790000000000000000e+03 2.055335926884001765e+03
4.800000000000000000e+03 2.056637167203944955e+03
4.810000000000000000e+03 2.058353969058811799e+03
4.820000000000000000e+03 2.060070770913679098e+03
4.830000000000000000e+03 2.061787572768545942e+03
4.840000000000000000e+03 2.063014425394315822e+03
4.850000000000000000e+03 2.064241278020086156e+03
4.860000000000000000e+03 2.065468130645856036e+03
4.870000000000000000e+03 2.066530531893852640e+03
4.880000000000000000e+03 2.067592933141849244e+03
4.890000000000000000e+03 2.068655334389845848e+03
4.900000000000000000e+03 2.069682257024066075e+03
4.910000000000000000e+03 2.070709179658285848e+03
4.920000000000000000e+03 2.071736102292506075e+03
4.930000000000000000e+03 2.072935895519829046e+03
4.940000000000000000e+03 2.074135688747151562e+03
4.950000000000000000e+03 2.075335481974474533e+03
4.960000000000000000e+03 2.076633317439801431e+03
4.970000000000000000e+03 2.077931152905127874e+03
4.980000000000000000e+03 2.079228988370454772e+03
4.990000000000000000e+03 2.080515552735455003e+03
5.000000000000000000e+03 2.081802117100455689e+03
5.010000000000000000e+03 2.083088681465455920e+03
5.020000000000000000e+03 2.084871418935978909e+03
5.030000000000000000e+03 2.086654156406501897e+03
5.040000000000000000e+03 2.088436893877024886e+03
5.050000000000000000e+03 2.089875900888313026e+03
5.060000000000000000e+03 2.091314907899600712e+03
5.070000000000000000e+03 2.092753914910888852e+03
5.080000000000000000e+03 2.093805475191214555e+03
5.090000000000000000e+03 2.094857035471539803e+03
5.100000000000000000e+03 2.095908595751865505e+03
5.110000000000000000e+03 2.096942334346209918e+03
5.120000000000000000e+03 2.097976072940554332e+03
5.130000000000000000e+03 2.099009811534898745e+03
5.140000000000000000e+03 2.099897901546181401e+03
5.150000000000000000e+03 2.100785991557463603e+03
5.160000000000000000e+03 2.101674081568746260e+03
5.170000000000000000e+03 2.102534183100598511e+03
5.180000000000000000e+03 2.103394284632450308e+03
5.190000000000000000e+03 2.104254386164302559e+03
5.200000000000000000e+03 2.105089190482732647e+03
5.210000000000000000e+03 2.105923994801162280e+03
5.220000000000000000e+03 2.106758799119592368e+03
5.230000000000000000e+03 2.107650291561283666e+03
5.240000000000000000e+03 2.108541784002974964e+03
5.250000000000000000e+03 2.109433276444666262e+03
5.260000000000000000e+03 2.110218289587687195e+03
5.270000000000000000e+03 2.111003302730708583e+03
5.280000000000000000e+03 2.111788315873729516e+03
5.290000000000000000e+03 2.112848449734820861e+03
5.300000000000000000e+03 2.113908583595912660e+03
5.310000000000000000e+03 2.114968717457004004e+03
5.320000000000000000e+03 2.116170163297066665e+03
5.330000000000000000e+03 2.117371609137129326e+03
5.340000000000000000e+03 2.118573054977191987e+03
5.350000000000000000e+03 2.119878708164166255e+03
5.360000000000000000e+03 2.121184361351140979e+03
5.370000000000000000e+03 2.122490014538115247e+03
5.380000000000000000e+03 2.124141405147990554e+03
5.390000000000000000e+03 2.125792795757865406e+03
5.400000000000000000e+03 2.127444186367740713e+03
5.410000000000000000e+03 2.129157501464319012e+03
5.420000000000000000e+03 2.130870816560897765e+03
5.430000000000000000e+03 2.132584131657476064e+03
5.440000000000000000e+03 2.133859783571424487e+03
5.450000000000000000e+03 2.135135435485372909e+03
5.460000000000000000e+03 2.136411087399321332e+03
5.470000000000000000e+03 2.137920129697097764e+03
5.480000000000000000e+03 2.139429171994874196e+03
5.490000000000000000e+03 2.140938214292650628e+03
5.500000000000000000e+03 2.141707404429642338e+03
5.510000000000000000e+03 2.142476594566633594e+03
5.520000000000000000e+03 2.143245784703625304e+03
5.530000000000000000e+03 2.143763889790160192e+03
5.540000000000000000e+03 2.144281994876695535e+03
5.550000000000000000e+03 2.144800099963230423e+03
5.560000000000000000e+03 2.145170425367195548e+03
5.570000000000000000e+03 2.145540750771161129e+03
5.580000000000000000e+03 2.145911076175126254e+03
5.590000000000000000e+03 2.146506845131351383e+03
5.600000000000000000e+03 2.147102614087576057e+03
5.610000000000000000e+03 2.147698383043801186e+03
5.620000000000000000e+03 2.148803382215773127e+03
5.630000000000000000e+03 2.149908381387745067e+03
5.640000000000000000e+03 2.151013380559717007e+03
5.650000000000000000e+03 2.152370357476537265e+03
5.660000000000000000e+03 2.153727334393357523e+03
5.670000000000000000e+03 2.155084311310177782e+03
5.680000000000000000e+03 2.156345313382585573e+03
5.690000000000000000e+03 2.157606315454993364e+03
5.700000000000000000e+03 2.158867317527401156e+03
5.710000000000000000e+03 2.160341483839331886e+03
5.720000000000000000e+03 2.161815650151262616e+03
5.730000000000000000e+03 2.163289816463193347e+03
5.740000000000000000e+03 2.164991513783013033e+03
5.750000000000000000e+03 2.166693211102832265e+03
5.760000000000000000e+03 2.168394908422651952e+03
5.770000000000000000e+03 2.170439383623074264e+03
5.780000000000000000e+03 2.172483858823496575e+03
5.790000000000000000e+03 2.174528334023918887e+03
5.800000000000000000e+03 2.176325568575364741e+03
5.810000000000000000e+03 2.178122803126810140e+03
5.820000000000000000e+03 2.179920037678255994e+03
5.830000000000000000e+03 2.181480594552114326e+03
5.840000000000000000e+03 2.183041151425972657e+03
5.850000000000000000e+03 2.184601708299830989e+03
5.860000000000000000e+03 2.185847413700840207e+03
5.870000000000000000e+03 2.187093119101849879e+03
5.880000000000000000e+03 2.188338824502859097e+03
5.890000000000000000e+03 2.189349882533765140e+03
5.900000000000000000e+03 2.190360940564671182e+03
5.910000000000000000e+03 2.191371998595577224e+03
5.920000000000000000e+03 2.192498460815904764e+03
5.930000000000000000e+03 2.193624923036232758e+03
5.940000000000000000e+03 2.194751385256560297e+03
5.950000000000000000e+03 2.195851704283313666e+03
5.960000000000000000e+03 2.196952023310067034e+03
5.970000000000000000e+03 2.198052342336820402e+03
5.980000000000000000e+03 2.199518582262154723e+03
5.990000000000000000e+03 2.200984822187489499e+03
6.000000000000000000e+03 2.202451062112823820e+03
6.010000000000000000e+03 2.203596455088823859e+03
6.020000000000000000e+03 2.204741848064824353e+03
6.030000000000000000e+03 2.205887241040824392e+03
6.040000000000000000e+03 2.207223683136924592e+03
6.050000000000000000e+03 2.208560125233025246e+03
6.060000000000000000e+03 2.209896567329125446e+03
6.070000000000000000e+03 2.211773685835770721e+03
6.080000000000000000e+03 2.213650804342416450e+03
6.090000000000000000e+03 2.215527922849061724e+03
6.100000000000000000e+03 2.216577881381037969e+03
6.110000000000000000e+03 2.217627839913014668e+03
6.120000000000000000e+03 2.218677798444990913e+03
6.130000000000000000e+03 2.219445441933619350e+03
6.140000000000000000e+03 2.220213085422248241e+03
6.150000000000000000e+03 2.220980728910876678e+03
6.160000000000000000e+03 2.221720519524856627e+03
6.170000000000000000e+03 2.222460310138836576e+03
6.180000000000000000e+03 2.223200100752816525e+03
6.190000000000000000e+03 2.223728208932184316e+03
6.200000000000000000e+03 2.224256317111552107e+03
6.210000000000000000e+03 2.224784425290919899e+03
6.220000000000000000e+03 2.225296058460169661e+03
6.230000000000000000e+03 2.225807691629419878e+03
6.240000000000000000e+03 2.226319324798669641e+03
6.250000000000000000e+03 2.227390670655330268e+03
6.260000000000000000e+03 2.228462016511991351e+03
6.270000000000000000e+03 2.229533362368651979e+03
6.280000000000000000e+03 2.230256949827134576e+03
6.290000000000000000e+03 2.230980537285617629e+03
6.300000000000000000e+03 2.231704124744100227e+03
6.310000000000000000e+03 2.232551830487625921e+03
6.320000000000000000e+03 2.233399536231151615e+03
6.330000000000000000e+03 2.234247241974677308e+03
6.340000000000000000e+03 2.235455736849671212e+03
6.350000000000000000e+03 2.236664231724665569e+03
6.360000000000000000e+03 2.237872726599659472e+03
6.370000000000000000e+03 2.239283295689234365e+03
6.380000000000000000e+03 2.240693864778809711e+03
6.390000000000000000e+03 2.242104433868384604e+03
6.400000000000000000e+03 2.243609158720996220e+03
6.410000000000000000e+03 2.245113883573607382e+03
6.420000000000000000e+03 2.246618608426218998e+03
6.430000000000000000e+03 2.248020865582029728e+03
6.440000000000000000e+03 2.249423122737840913e+03
6.450000000000000000e+03 2.250825379893651643e+03
6.460000000000000000e+03 2.251945184012335631e+03
6.470000000000000000e+03 2.253064988131019618e+03
6.480000000000000000e+03 2.254184792249703605e+03
6.490000000000000000e+03 2.255285048482103321e+03
6.500000000000000000e+03 2.256385304714502581e+03
6.510000000000000000e+03 2.257485560946902297e+03
6.520000000000000000e+03 2.258211004939841132e+03
6.530000000000000000e+03 2.258936448932780422e+03
6.540000000000000000e+03 2.259661892925719258e+03
6.550000000000000000e+03 2.260454459303537078e+03
6.560000000000000000e+03 2.261247025681355353e+03
6.570000000000000000e+03 2.262039592059173174e+03
6.580000000000000000e+03 2.262673217855789062e+03
6.590000000000000000e+03 2.263306843652404496e+03
6.600000000000000000e+03 2.263940469449020384e+03
6.610000000000000000e+03 2.264243017062521631e+03
6.620000000000000000e+03 2.264545564676022877e+03
6.630000000000000000e+03 2.264848112289524124e+03
6.640000000000000000e+03 2.265553851314207805e+03
6.650000000000000000e+03 2.266259590338891030e+03
6.660000000000000000e+03 2.266965329363574710e+03
6.670000000000000000e+03 2.267595096467292478e+03
6.680000000000000000e+03 2.268224863571009791e+03
6.690000000000000000e+03 2.268854630674727559e+03
6.700000000000000000e+03 2.269441903069606269e+03
6.710000000000000000e+03 2.270029175464485434e+03
6.720000000000000000e+03 2.270616447859364143e+03
6.730000000000000000e+03 2.271546182238544588e+03
6.740000000000000000e+03 2.272475916617725488e+03
6.750000000000000000e+03 2.273405650996905933e+03
6.760000000000000000e+03 2.274880053588899955e+03
6.770000000000000000e+03 2.276354456180894431e+03
6.780000000000000000e+03 2.277828858772888452e+03
6.790000000000000000e+03 2.279728627988487460e+03
6.800000000000000000e+03 2.281628397204086468e+03
6.810000000000000000e+03 2.283528166419685476e+03
6.820000000000000000e+03 2.285371599981609961e+03
6.830000000000000000e+03 2.287215033543533991e+03
6.840000000000000000e+03 2.289058467105458476e+03
6.850000000000000000e+03 2.291099331902506947e+03
6.860000000000000000e+03 2.293140196699555418e+03
6.870000000000000000e+03 2.295181061496603888e+03
6.880000000000000000e+03 2.297154574992881408e+03
6.890000000000000000e+03 2.299128088489158927e+03
6.900000000000000000e+03 2.301101601985436446e+03
6.910000000000000000e+03 2.302779098110145242e+03
6.920000000000000000e+03 2.304456594234854037e+03
6.930000000000000000e+03 2.306134090359562833e+03
6.940000000000000000e+03 2.307615562724099163e+03
6.950000000000000000e+03 2.309097035088635039e+03
6.960000000000000000e+03 2.310578507453171369e+03
6.970000000000000000e+03 2.312071701837751334e+03
6.980000000000000000e+03 2.313564896222331299e+03
6.990000000000000000e+03 2.315058090606911264e+03
7.000000000000000000e+03 2.316383886369606898e+03
7.010000000000000000e+03 2.317709682132302987e+03
7.020000000000000000e+03 2.319035477894998621e+03
7.030000000000000000e+03 2.320131112479593412e+03
7.040000000000000000e+03 2.321226747064187748e+03
7.050000000000000000e+03 2.322322381648782539e+03
7.060000000000000000e+03 2.323194262753823295e+03
7.070000000000000000e+03 2.324066143858864507e+03
7.080000000000000000e+03 2.324938024963905264e+03
7.090000000000000000e+03 2.325929019229084133e+03
7.100000000000000000e+03 2.326920013494262548e+03
7.110000000000000000e+03 2.327911007759441418e+03
7.120000000000000000e+03 2.328940948291904988e+03
7.130000000000000000e+03 2.329970888824369013e+03
7.140000000000000000e+03 2.331000829356832583e+03
7.150000000000000000e+03 2.332254450172828001e+03
7.160000000000000000e+03 2.333508070988823420e+03
7.170000000000000000e+03 2.334761691804818838e+03
7.180000000000000000e+03 2.335841461923186216e+03
7.190000000000000000e+03 2.336921232041553139e+03
7.200000000000000000e+03 2.338001002159920517e+03
7.210000000000000000e+03 2.339130461475467655e+03
7.220000000000000000e+03 2.340259920791015247e+03
7.230000000000000000e+03 2.341389380106562385e+03
7.240000000000000000e+03 2.342827408905931406e+03
7.250000000000000000e+03 2.344265437705300428e+03
7.260000000000000000e+03 2.345703466504669450e+03
7.270000000000000000e+03 2.346814374391492947e+03
7.280000000000000000e+03 2.347925282278316445e+03
7.290000000000000000e+03 2.349036190165139942e+03
7.300000000000000000e+03 2.350174925842923585e+03
7.310000000000000000e+03 2.351313661520706773e+03
7.320000000000000000e+03 2.352452397198490416e+03
7.330000000000000000e+03 2.353397780796901770e+03
7.340000000000000000e+03 2.354343164395313124e+03
7.350000000000000000e+03 2.355288547993724478e+03
7.360000000000000000e+03 2.355935017536471605e+03
7.370000000000000000e+03 2.356581487079218732e+03
7.380000000000000000e+03 2.357227956621965859e+03
7.390000000000000000e+03 2.357971148620365966e+03
7.400000000000000000e+03 2.358714340618766528e+03
7.410000000000000000e+03 2.359457532617166635e+03
7.420000000000000000e+03 2.360066293835469423e+03
7.430000000000000000e+03 2.360675055053771757e+03
7.440000000000000000e+03 2.361283816272074546e+03
7.450000000000000000e+03 2.361754500101375015e+03
7.460000000000000000e+03 2.362225183930675030e+03
7.470000000000000000e+03 2.362695867759975499e+03
7.480000000000000000e+03 2.363330729099479868e+03
7.490000000000000000e+03 2.363965590438984236e+03
7.500000000000000000e+03 2.364600451778488605e+03
7.510000000000000000e+03 2.365344379876624316e+03
7.520000000000000000e+03 2.366088307974759573e+03
7.530000000000000000e+03 2.366832236072895284e+03
7.540000000000000000e+03 2.367583366165637017e+03
7.550000000000000000e+03 2.368334496258378749e+03
7.560000000000000000e+03 2.369085626351120482e+03
7.570000000000000000e+03 2.369911947013109057e+03
7.580000000000000000e+03 2.370738267675097177e+03
7.590000000000000000e+03 2.371564588337085752e+03
7.600000000000000000e+03 2.372519500193444856e+03
7.610000000000000000e+03 2.373474412049803504e+03
7.620000000000000000e+03 2.374429323906162608e+03
7.630000000000000000e+03 2.375602179779372818e+03
7.640000000000000000e+03 2.376775035652583028e+03
7.650000000000000000e+03 2.377947891525793239e+03
7.660000000000000000e+03 2.378993065773802300e+03
7.670000000000000000e+03 2.380038240021811816e+03
7.680000000000000000e+03 2.381083414269820878e+03
7.690000000000000000e+03 2.382293322145477305e+03
7.700000000000000000e+03 2.383503230021133277e+03
7.710000000000000000e+03 2.384713137896789704e+03
7.720000000000000000e+03 2.386324548404167672e+03
7.730000000000000000e+03 2.387935958911545185e+03
7.740000000000000000e+03 2.389547369418923154e+03
7.750000000000000000e+03 2.391116371042337960e+03
7.760000000000000000e+03 2.392685372665753221e+03
7.770000000000000000e+03 2.394254374289168027e+03
7.780000000000000000e+03 2.395619497183156000e+03
7.790000000000000000e+03 2.396984620077143973e+03
7.800000000000000000e+03 2.398349742971131946e+03
7.810000000000000000e+03 2.399643549648862972e+03
7.820000000000000000e+03 2.400937356326594454e+03
7.830000000000000000e+03 2.402231163004325481e+03
7.840000000000000000e+03 2.403543189949371936e+03
7.850000000000000000e+03 2.404855216894417936e+03
7.860000000000000000e+03 2.406167243839464390e+03
7.870000000000000000e+03 2.407598982979224729e+03
7.880000000000000000e+03 2.409030722118985523e+03
7.890000000000000000e+03 2.410462461258745861e+03
7.900000000000000000e+03 2.412161793592373215e+03
7.910000000000000000e+03 2.413861125926000568e+03
7.920000000000000000e+03 2.415560458259627922e+03
7.930000000000000000e+03 2.417283092091611252e+03
7.940000000000000000e+03 2.419005725923594582e+03
7.950000000000000000e+03 2.420728359755577912e+03
7.960000000000000000e+03 2.422119294195043949e+03
7.970000000000000000e+03 2.423510228634509531e+03
7.980000000000000000e+03 2.424901163073975567e+03
7.990000000000000000e+03 2.425920919316002255e+03
8.000000000000000000e+03 2.426940675558028943e+03
8.010000000000000000e+03 2.427960431800055630e+03
8.020000000000000000e+03 2.428899150056593953e+03
8.030000000000000000e+03 2.429837868313131821e+03
8.040000000000000000e+03 2.430776586569670144e+03
8.050000000000000000e+03 2.431280750811658891e+03
8.060000000000000000e+03 2.431784915053648092e+03
8.070000000000000000e+03 2.432289079295636839e+03
8.080000000000000000e+03 2.432800665876153289e+03
8.090000000000000000e+03 2.433312252456669285e+03
8.100000000000000000e+03 2.433823839037185735e+03
8.110000000000000000e+03 2.434472201067655988e+03
8.120000000000000000e+03 2.435120563098125785e+03
8.130000000000000000e+03 2.435768925128596038e+03
8.140000000000000000e+03 2.436242424940330238e+03
8.150000000000000000e+03 2.436715924752064439e+03
8.160000000000000000e+03 2.437189424563798639e+03
8.170000000000000000e+03 2.437628010666190221e+03
8.180000000000000000e+03 2.438066596768581803e+03
8.190000000000000000e+03 2.438505182870973385e+03
8.200000000000000000e+03 2.439347908088785971e+03
8.210000000000000000e+03 2.440190633306599011e+03
8.220000000000000000e+03 2.441033358524411597e+03
8.230000000000000000e+03 2.441752509633706723e+03
8.240000000000000000e+03 2.442471660743002303e+03
8.250000000000000000e+03 2.443190811852297429e+03
8.260000000000000000e+03 2.443846032828255375e+03
8.270000000000000000e+03 2.444501253804212865e+03
8.280000000000000000e+03 2.445156474780170811e+03
8.290000000000000000e+03 2.446208406432049742e+03
8.300000000000000000e+03 2.447260338083928218e+03
8.310000000000000000e+03 2.448312269735807149e+03
8.320000000000000000e+03 2.449300478519972330e+03
8.330000000000000000e+03 2.450288687304137966e+03
8.340000000000000000e+03 2.451276896088303147e+03
8.350000000000000000e+03 2.452214059216523765e+03
8.360000000000000000e+03 2.453151222344744383e+03
8.370000000000000000e+03 2.454088385472965001e+03
8.380000000000000000e+03 2.455231150600772253e+03
8.390000000000000000e+03 2.456373915728579505e+03
8.400000000000000000e+03 2.457516680856386756e+03
8.410000000000000000e+03 2.458235716542966657e+03
8.420000000000000000e+03 2.458954752229546102e+03
8.430000000000000000e+03 2.459673787916126003e+03
8.440000000000000000e+03 2.460286340767017919e+03
8.450000000000000000e+03 2.460898893617909380e+03
8.460000000000000000e+03 2.461511446468801296e+03
8.470000000000000000e+03 2.462244290522156007e+03
8.480000000000000000e+03 2.462977134575510718e+03
8.490000000000000000e+03 2.463709978628865429e+03
8.500000000000000000e+03 2.464733211542685694e+03
8.510000000000000000e+03 2.465756444456506415e+03
8.520000000000000000e+03 2.466779677370326681e+03
8.530000000000000000e+03 2.468466273597282907e+03
8.540000000000000000e+03 2.470152869824239588e+03
8.550000000000000000e+03 2.471839466051195814e+03
8.560000000000000000e+03 2.473459502339540450e+03
8.570000000000000000e+03 2.475079538627885540e+03
8.580000000000000000e+03 2.476699574916230176e+03
8.590000000000000000e+03 2.478448064028647877e+03
8.600000000000000000e+03 2.480196553141066033e+03
8.610000000000000000e+03 2.481945042253483734e+03
8.620000000000000000e+03 2.483571492930694603e+03
8.630000000000000000e+03 2.485197943607905017e+03
8.640000000000000000e+03 2.486824394285115886e+03
8.650000000000000000e+03 2.488365755320688095e+03
8.660000000000000000e+03 2.489907116356260758e+03
8.670000000000000000e+03 2.491448477391832967e+03
8.680000000000000000e+03 2.493342797460167276e+03
8.690000000000000000e+03 2.495237117528501585e+03
8.700000000000000000e+03 2.497131437596835895e+03
8.710000000000000000e+03 2.498672465973064391e+03
8.720000000000000000e+03 2.500213494349292887e+03
8.730000000000000000e+03 2.501754522725521383e+03
8.740000000000000000e+03 2.503297975489876535e+03
8.750000000000000000e+03 2.504841428254231232e+03
8.760000000000000000e+03 2.506384881018586384e+03
8.770000000000000000e+03 2.507649929228944984e+03
8.780000000000000000e+03 2.508914977439303129e+03
8.790000000000000000e+03 2.510180025649661729e+03
8.800000000000000000e+03 2.511521349291308070e+03
8.810000000000000000e+03 2.512862672932954410e+03
8.820000000000000000e+03 2.514203996574600751e+03
8.830000000000000000e+03 2.515471380990510170e+03
8.840000000000000000e+03 2.516738765406419589e+03
8.850000000000000000e+03 2.518006149822329007e+03
8.860000000000000000e+03 2.519510915538593508e+03
8.870000000000000000e+03 2.521015681254857554e+03
8.880000000000000000e+03 2.522520446971122055e+03
8.890000000000000000e+03 2.524595415433101152e+03
8.900000000000000000e+03 2.526670383895079794e+03
8.910000000000000000e+03 2.528745352357058891e+03
8.920000000000000000e+03 2.530511658071053262e+03
8.930000000000000000e+03 2.532277963785047177e+03
8.940000000000000000e+03 2.534044269499041548e+03
8.950000000000000000e+03 2.535900323079206828e+03
8.960000000000000000e+03 2.537756376659372563e+03
8.970000000000000000e+03 2.539612430239537844e+03
8.980000000000000000e+03 2.541829323558916712e+03
8.990000000000000000e+03 2.544046216878295581e+03
9.000000000000000000e+03 2.546263110197674450e+03
9.010000000000000000e+03 2.547849023087839669e+03
9.020000000000000000e+03 2.549434935978005342e+03
9.030000000000000000e+03 2.551020848868170560e+03
9.040000000000000000e+03 2.552284318672120207e+03
9.050000000000000000e+03 2.553547788476069400e+03
9.060000000000000000e+03 2.554811258280019047e+03
9.070000000000000000e+03 2.555805423414697088e+03
9.080000000000000000e+03 2.556799588549374675e+03
9.090000000000000000e+03 2.557793753684052717e+03
9.100000000000000000e+03 2.558702656793082042e+03
9.110000000000000000e+03 2.559611559902111821e+03
9.120000000000000000e+03 2.560520463011141146e+03
9.130000000000000000e+03 2.561527130207749451e+03
9.140000000000000000e+03 2.562533797404357301e+03
9.150000000000000000e+03 2.563540464600965606e+03
9.160000000000000000e+03 2.564028678938384019e+03
9.170000000000000000e+03 2.564516893275802886e+03
9.180000000000000000e+03 2.565005107613221298e+03
9.190000000000000000e+03 2.565580823145608065e+03
9.200000000000000000e+03 2.566156538677994831e+03
9.210000000000000000e+03 2.566732254210381598e+03
9.220000000000000000e+03 2.566876003827916520e+03
9.230000000000000000e+03 2.567019753445451443e+03
9.240000000000000000e+03 2.567163503062986365e+03
9.250000000000000000e+03 2.567297747956372405e+03
9.260000000000000000e+03 2.567431992849758444e+03
9.270000000000000000e+03 2.567566237743144484e+03
9.280000000000000000e+03 2.568045239621578730e+03
9.290000000000000000e+03 2.568524241500012977e+03
9.300000000000000000e+03 2.569003243378447223e+03
9.310000000000000000e+03 2.569443219766778384e+03
9.320000000000000000e+03 2.569883196155109090e+03
9.330000000000000000e+03 2.570323172543440251e+03
9.340000000000000000e+03 2.571221347502872050e+03
9.350000000000000000e+03 2.572119522462303848e+03
9.360000000000000000e+03 2.573017697421735647e+03
9.370000000000000000e+03 2.573600331801690118e+03
9.380000000000000000e+03 2.574182966181644588e+03
9.390000000000000000e+03 2.574765600561599058e+03
9.400000000000000000e+03 2.575601970340846037e+03
9.410000000000000000e+03 2.576438340120092562e+03
9.420000000000000000e+03 2.577274709899339541e+03
9.430000000000000000e+03 2.577680628109461395e+03
9.440000000000000000e+03 2.578086546319583249e+03
9.450000000000000000e+03 2.578492464529705103e+03
9.460000000000000000e+03 2.579842083579000700e+03
9.470000000000000000e+03 2.581191702628295843e+03
9.480000000000000000e+03 2.582541321677591441e+03
9.490000000000000000e+03 2.582536899165997056e+03
9.500000000000000000e+03 2.582532476654402672e+03
9.510000000000000000e+03 2.582528054142808287e+03
9.520000000000000000e+03 2.582096950872875368e+03
9.530000000000000000e+03 2.581665847602941994e+03
9.540000000000000000e+03 2.581234744333009075e+03
9.550000000000000000e+03 2.582094623713464898e+03
9.560000000000000000e+03 2.582954503093920266e+03
9.570000000000000000e+03 2.583814382474376089e+03
9.580000000000000000e+03 2.583835612049810607e+03
9.590000000000000000e+03 2.583856841625245579e+03
9.600000000000000000e+03 2.583878071200680097e+03
9.610000000000000000e+03 2.584434489152541119e+03
9.620000000000000000e+03 2.584990907104401686e+03
9.630000000000000000e+03 2.585547325056262707e+03
9.640000000000000000e+03 2.588411309839515070e+03
9.650000000000000000e+03 2.591275294622766978e+03
9.660000000000000000e+03 2.594139279406019341e+03
9.670000000000000000e+03 2.597144745472502564e+03
9.680000000000000000e+03 2.600150211538986241e+03
9.690000000000000000e+03 2.603155677605469464e+03
9.700000000000000000e+03 2.607707229708721115e+03
9.710000000000000000e+03 2.612258781811973222e+03
9.720000000000000000e+03 2.616810333915224874e+03
9.730000000000000000e+03 2.622532845986451321e+03
9.740000000000000000e+03 2.628255358057677768e+03
9.750000000000000000e+03 2.633977870128904215e+03
9.760000000000000000e+03 2.640777594953819971e+03
9.770000000000000000e+03 2.647577319778736182e+03
9.780000000000000000e+03 2.654377044603651939e+03
9.790000000000000000e+03 2.662087129775666199e+03
9.800000000000000000e+03 2.669797214947680459e+03
9.810000000000000000e+03 2.677507300119694719e+03
9.820000000000000000e+03 2.685887303693192734e+03
9.830000000000000000e+03 2.694267307266690295e+03
9.840000000000000000e+03 2.702647310840188311e+03
9.850000000000000000e+03 2.711382716983046976e+03
9.860000000000000000e+03 2.720118123125906095e+03
9.870000000000000000e+03 2.728853529268764760e+03
9.880000000000000000e+03 2.737555263914869556e+03
9.890000000000000000e+03 2.746256998560974807e+03
9.900000000000000000e+03 2.754958733207079604e+03
9.910000000000000000e+03 2.763162679708839278e+03
9.920000000000000000e+03 2.771366626210599406e+03
9.930000000000000000e+03 2.779570572712359080e+03
9.940000000000000000e+03 2.786737087493221679e+03
9.950000000000000000e+03 2.793903602274084733e+03
9.960000000000000000e+03 2.801070117054947332e+03
9.970000000000000000e+03 2.806583545261916242e+03
9.980000000000000000e+03 2.812096973468885153e+03
