0.000000000000000000e+00 1.354103040486599639e+03
1.000000000000000000e+01 1.360696828630633945e+03
2.000000000000000000e+01 1.367290616774668251e+03
3.000000000000000000e+01 1.373884404918702558e+03
4.000000000000000000e+01 1.377827347157463237e+03
5.000000000000000000e+01 1.381770289396223689e+03
6.000000000000000000e+01 1.385713231634984368e+03
7.000000000000000000e+01 1.387935011446277258e+03
8.000000000000000000e+01 1.390156791257570376e+03
9.000000000000000000e+01 1.392378571068863266e+03
1.000000000000000000e+02 1.393603537325370780e+03
1.100000000000000000e+02 1.394828503581878522e+03
1.200000000000000000e+02 1.396053469838386036e+03
1.300000000000000000e+02 1.396822869621258860e+03
1.400000000000000000e+02 1.397592269404131457e+03
1.500000000000000000e+02 1.398361669187004281e+03
1.600000000000000000e+02 1.399055880599453531e+03
1.700000000000000000e+02 1.399750092011902552e+03
1.800000000000000000e+02 1.400444303424351801e+03
1.900000000000000000e+02 1.401305068405242082e+03
2.000000000000000000e+02 1.402165833386132590e+03
2.100000000000000000e+02 1.403026598367022871e+03
2.200000000000000000e+02 1.404179255504464663e+03
2.300000000000000000e+02 1.405331912641906229e+03
2.400000000000000000e+02 1.406484569779348021e+03
2.500000000000000000e+02 1.407960287124289380e+03
2.600000000000000000e+02 1.409436004469230738e+03
2.700000000000000000e+02 1.410911721814172097e+03
2.800000000000000000e+02 1.412669729693575164e+03
2.900000000000000000e+02 1.414427737572978003e+03
3.000000000000000000e+02 1.416185745452381070e+03
3.100000000000000000e+02 1.418624388981001175e+03
3.200000000000000000e+02 1.421063032509621507e+03
3.300000000000000000e+02 1.423501676038241612e+03
3.400000000000000000e+02 1.425032329109725197e+03
3.500000000000000000e+02 1.426562982181208781e+03
3.600000000000000000e+02 1.428093635252692366e+03
3.700000000000000000e+02 1.429538967720990286e+03
3.800000000000000000e+02 1.430984300189287978e+03
3.900000000000000000e+02 1.432429632657585898e+03
4.000000000000000000e+02 1.433908807757571367e+03
4.100000000000000000e+02 1.435387982857556608e+03
4.200000000000000000e+02 1.436867157957542076e+03
4.300000000000000000e+02 1.438671314683092760e+03
4.400000000000000000e+02 1.440475471408643443e+03
4.500000000000000000e+02 1.442279628134194127e+03
4.600000000000000000e+02 1.444158028164023563e+03
4.700000000000000000e+02 1.446036428193852771e+03
4.800000000000000000e+02 1.447914828223682207e+03
4.900000000000000000e+02 1.449566750615496630e+03
5.000000000000000000e+02 1.451218673007310827e+03
5.100000000000000000e+02 1.452870595399125250e+03
5.200000000000000000e+02 1.454468885630883733e+03
5.300000000000000000e+02 1.456067175862641989e+03
5.400000000000000000e+02 1.457665466094400472e+03
5.500000000000000000e+02 1.459818325570792467e+03
5.600000000000000000e+02 1.461971185047184463e+03
5.700000000000000000e+02 1.464124044523576458e+03
5.800000000000000000e+02 1.465258299343835233e+03
5.900000000000000000e+02 1.466392554164093781e+03
6.000000000000000000e+02 1.467526808984352556e+03
6.100000000000000000e+02 1.468388743524217489e+03
6.200000000000000000e+02 1.469250678064082194e+03
6.300000000000000000e+02 1.470112612603947127e+03
6.400000000000000000e+02 1.470977247899770418e+03
6.500000000000000000e+02 1.471841883195593482e+03
6.600000000000000000e+02 1.472706518491416773e+03
6.700000000000000000e+02 1.473900415874364171e+03
6.800000000000000000e+02 1.475094313257311569e+03
6.900000000000000000e+02 1.476288210640258967e+03
7.000000000000000000e+02 1.477791177932947448e+03
7.100000000000000000e+02 1.479294145225635702e+03
7.200000000000000000e+02 1.480797112518324184e+03
7.300000000000000000e+02 1.482231736491871061e+03
7.400000000000000000e+02 1.483666360465417711e+03
7.500000000000000000e+02 1.485100984438964588e+03
7.600000000000000000e+02 1.486223219165055070e+03
7.700000000000000000e+02 1.487345453891145780e+03
7.800000000000000000e+02 1.488467688617236263e+03
7.900000000000000000e+02 1.489719385092785387e+03
8.000000000000000000e+02 1.490971081568334284e+03
8.100000000000000000e+02 1.492222778043883409e+03
8.200000000000000000e+02 1.493952710823763937e+03
8.300000000000000000e+02 1.495682643603644692e+03
8.400000000000000000e+02 1.497412576383525220e+03
8.500000000000000000e+02 1.499049484363986721e+03
8.600000000000000000e+02 1.500686392344447995e+03
8.700000000000000000e+02 1.502323300324909496e+03
8.800000000000000000e+02 1.504338902190318549e+03
8.900000000000000000e+02 1.506354504055727602e+03
9.000000000000000000e+02 1.508370105921136656e+03
9.100000000000000000e+02 1.510133448034229104e+03
9.200000000000000000e+02 1.511896790147321781e+03
9.300000000000000000e+02 1.513660132260414230e+03
9.400000000000000000e+02 1.515024917615344521e+03
9.500000000000000000e+02 1.516389702970274584e+03
9.600000000000000000e+02 1.517754488325204875e+03
9.700000000000000000e+02 1.518857746139901110e+03
9.800000000000000000e+02 1.519961003954597118e+03
9.900000000000000000e+02 1.521064261769293353e+03
1.000000000000000000e+03 1.521823196952794660e+03
1.010000000000000000e+03 1.522582132136295968e+03
1.020000000000000000e+03 1.523341067319797276e+03
1.030000000000000000e+03 1.524430017868529148e+03
1.040000000000000000e+03 1.525518968417260794e+03
1.050000000000000000e+03 1.526607918965992667e+03
1.060000000000000000e+03 1.527130264060753916e+03
1.070000000000000000e+03 1.527652609155514938e+03
1.080000000000000000e+03 1.528174954250276187e+03
1.090000000000000000e+03 1.528794425393504525e+03
1.100000000000000000e+03 1.529413896536732636e+03
1.110000000000000000e+03 1.530033367679960975e+03
1.120000000000000000e+03 1.530997029151413699e+03
1.130000000000000000e+03 1.531960690622866196e+03
1.140000000000000000e+03 1.532924352094318920e+03
1.150000000000000000e+03 1.534458448351885181e+03
1.160000000000000000e+03 1.535992544609451670e+03
1.170000000000000000e+03 1.537526640867017932e+03
1.180000000000000000e+03 1.538929203950629471e+03
1.190000000000000000e+03 1.540331767034240784e+03
1.200000000000000000e+03 1.541734330117852323e+03
1.210000000000000000e+03 1.543702424232463045e+03
1.220000000000000000e+03 1.545670518347073539e+03
1.230000000000000000e+03 1.547638612461684261e+03
1.240000000000000000e+03 1.549340110953268550e+03
1.250000000000000000e+03 1.551041609444853066e+03
1.260000000000000000e+03 1.552743107936437355e+03
1.270000000000000000e+03 1.554556871737754136e+03
1.280000000000000000e+03 1.556370635539071145e+03
1.290000000000000000e+03 1.558184399340387927e+03
1.300000000000000000e+03 1.560606657912945593e+03
1.310000000000000000e+03 1.563028916485503260e+03
1.320000000000000000e+03 1.565451175058060926e+03
1.330000000000000000e+03 1.567310477825710677e+03
1.340000000000000000e+03 1.569169780593360201e+03
1.350000000000000000e+03 1.571029083361009953e+03
1.360000000000000000e+03 1.572700377550009307e+03
1.370000000000000000e+03 1.574371671739008661e+03
1.380000000000000000e+03 1.576042965928008016e+03
1.390000000000000000e+03 1.577557364280869933e+03
1.400000000000000000e+03 1.579071762633731851e+03
1.410000000000000000e+03 1.580586160986593768e+03
1.420000000000000000e+03 1.582088751815186470e+03
1.430000000000000000e+03 1.583591342643779171e+03
1.440000000000000000e+03 1.585093933472371873e+03
1.450000000000000000e+03 1.586819449971518679e+03
1.460000000000000000e+03 1.588544966470665258e+03
1.470000000000000000e+03 1.590270482969812065e+03
1.480000000000000000e+03 1.592014852654518563e+03
1.490000000000000000e+03 1.593759222339224834e+03
1.500000000000000000e+03 1.595503592023931333e+03
1.510000000000000000e+03 1.596867442269204730e+03
1.520000000000000000e+03 1.598231292514477900e+03
1.530000000000000000e+03 1.599595142759751297e+03
1.540000000000000000e+03 1.601148359075752069e+03
1.550000000000000000e+03 1.602701575391752613e+03
1.560000000000000000e+03 1.604254791707753384e+03
1.570000000000000000e+03 1.605640376384182218e+03
1.580000000000000000e+03 1.607025961060611053e+03
1.590000000000000000e+03 1.608411545737039887e+03
1.600000000000000000e+03 1.609565075792577545e+03
1.610000000000000000e+03 1.610718605848115430e+03
1.620000000000000000e+03 1.611872135903653088e+03
1.630000000000000000e+03 1.613217657769859670e+03
1.640000000000000000e+03 1.614563179636066252e+03
1.650000000000000000e+03 1.615908701502272834e+03
1.660000000000000000e+03 1.616786119823384297e+03
1.670000000000000000e+03 1.617663538144495760e+03
1.680000000000000000e+03 1.618540956465607223e+03
1.690000000000000000e+03 1.619428985301282637e+03
1.700000000000000000e+03 1.620317014136957823e+03
1.710000000000000000e+03 1.621205042972633237e+03
1.720000000000000000e+03 1.621843084665483502e+03
1.730000000000000000e+03 1.622481126358333540e+03
1.740000000000000000e+03 1.623119168051183806e+03
1.750000000000000000e+03 1.623535990266361978e+03
1.760000000000000000e+03 1.623952812481540150e+03
1.770000000000000000e+03 1.624369634696718322e+03
1.780000000000000000e+03 1.624912346288357867e+03
1.790000000000000000e+03 1.625455057879997639e+03
1.800000000000000000e+03 1.625997769471637184e+03
1.810000000000000000e+03 1.627090054929601592e+03
1.820000000000000000e+03 1.628182340387566001e+03
1.830000000000000000e+03 1.629274625845530409e+03
1.840000000000000000e+03 1.630073574481562218e+03
1.850000000000000000e+03 1.630872523117594255e+03
1.860000000000000000e+03 1.631671471753626065e+03
1.870000000000000000e+03 1.632698344318431509e+03
1.880000000000000000e+03 1.633725216883236953e+03
1.890000000000000000e+03 1.634752089448042398e+03
1.900000000000000000e+03 1.635693206812620929e+03
1.910000000000000000e+03 1.636634324177199687e+03
1.920000000000000000e+03 1.637575441541778218e+03
1.930000000000000000e+03 1.638140767171121979e+03
1.940000000000000000e+03 1.638706092800465967e+03
1.950000000000000000e+03 1.639271418429809728e+03
1.960000000000000000e+03 1.639897141155948248e+03
1.970000000000000000e+03 1.640522863882086995e+03
1.980000000000000000e+03 1.641148586608225514e+03
1.990000000000000000e+03 1.641413518762392414e+03
2.000000000000000000e+03 1.641678450916559086e+03
2.010000000000000000e+03 1.641943383070725986e+03
2.020000000000000000e+03 1.642469416581218411e+03
2.030000000000000000e+03 1.642995450091710836e+03
2.040000000000000000e+03 1.643521483602203261e+03
2.050000000000000000e+03 1.643877534959410013e+03
2.060000000000000000e+03 1.644233586316616766e+03
2.070000000000000000e+03 1.644589637673823518e+03
2.080000000000000000e+03 1.644629691969976193e+03
2.090000000000000000e+03 1.644669746266128641e+03
2.100000000000000000e+03 1.644709800562281316e+03
2.110000000000000000e+03 1.644984655497439235e+03
2.120000000000000000e+03 1.645259510432597381e+03
2.130000000000000000e+03 1.645534365367755299e+03
2.140000000000000000e+03 1.646331852084078264e+03
2.150000000000000000e+03 1.647129338800401456e+03
2.160000000000000000e+03 1.647926825516724421e+03
2.170000000000000000e+03 1.649054625089628416e+03
2.180000000000000000e+03 1.650182424662532185e+03
2.190000000000000000e+03 1.651310224235436181e+03
2.200000000000000000e+03 1.653169092343291823e+03
2.210000000000000000e+03 1.655027960451147237e+03
2.220000000000000000e+03 1.656886828559002879e+03
2.230000000000000000e+03 1.658695294986212275e+03
2.240000000000000000e+03 1.660503761413421444e+03
2.250000000000000000e+03 1.662312227840630840e+03
2.260000000000000000e+03 1.664047023446872345e+03
2.270000000000000000e+03 1.665781819053114077e+03
2.280000000000000000e+03 1.667516614659355582e+03
2.290000000000000000e+03 1.669502940052484064e+03
2.300000000000000000e+03 1.671489265445612318e+03
2.310000000000000000e+03 1.673475590838740800e+03
2.320000000000000000e+03 1.675414074673393088e+03
2.330000000000000000e+03 1.677352558508045604e+03
2.340000000000000000e+03 1.679291042342697892e+03
2.350000000000000000e+03 1.681237734894569485e+03
2.360000000000000000e+03 1.683184427446440850e+03
2.370000000000000000e+03 1.685131119998312442e+03
2.380000000000000000e+03 1.687261827050085913e+03
2.390000000000000000e+03 1.689392534101859610e+03
2.400000000000000000e+03 1.691523241153633080e+03
2.410000000000000000e+03 1.693286582459855936e+03
2.420000000000000000e+03 1.695049923766079019e+03
2.430000000000000000e+03 1.696813265072301874e+03
2.440000000000000000e+03 1.698407543148523928e+03
2.450000000000000000e+03 1.700001821224745981e+03
2.460000000000000000e+03 1.701596099300968035e+03
2.470000000000000000e+03 1.703413859017146478e+03
2.480000000000000000e+03 1.705231618733324922e+03
2.490000000000000000e+03 1.707049378449503365e+03
2.500000000000000000e+03 1.706815650706113502e+03
2.510000000000000000e+03 1.706581922962723411e+03
2.520000000000000000e+03 1.706348195219333547e+03
2.530000000000000000e+03 1.705476661755335044e+03
2.540000000000000000e+03 1.704605128291336769e+03
2.550000000000000000e+03 1.703733594827338266e+03
2.560000000000000000e+03 1.702959161502579263e+03
2.570000000000000000e+03 1.702184728177820261e+03
2.580000000000000000e+03 1.701410294853061259e+03
2.590000000000000000e+03 1.700815279190796673e+03
2.600000000000000000e+03 1.700220263528532314e+03
2.610000000000000000e+03 1.699625247866267728e+03
2.620000000000000000e+03 1.699264652677063168e+03
2.630000000000000000e+03 1.698904057487858609e+03
2.640000000000000000e+03 1.698543462298654049e+03
2.650000000000000000e+03 1.698436602001078654e+03
2.660000000000000000e+03 1.698329741703503259e+03
2.670000000000000000e+03 1.698222881405927865e+03
2.680000000000000000e+03 1.698350441581412497e+03
2.690000000000000000e+03 1.698478001756897129e+03
2.700000000000000000e+03 1.698605561932381761e+03
2.710000000000000000e+03 1.698912539770360809e+03
2.720000000000000000e+03 1.699219517608340084e+03
2.730000000000000000e+03 1.699526495446319132e+03
2.740000000000000000e+03 1.699930573423537680e+03
2.750000000000000000e+03 1.700334651400756229e+03
2.760000000000000000e+03 1.700738729377974778e+03
2.770000000000000000e+03 1.701142807355193327e+03
2.780000000000000000e+03 1.701546885332411875e+03
2.790000000000000000e+03 1.701950963309630424e+03
2.800000000000000000e+03 1.702257941147609472e+03
2.810000000000000000e+03 1.702564918985588520e+03
2.820000000000000000e+03 1.702871896823567567e+03
2.830000000000000000e+03 1.702999456999052200e+03
2.840000000000000000e+03 1.703127017174536832e+03
2.850000000000000000e+03 1.703254577350021464e+03
2.860000000000000000e+03 1.703147717052446069e+03
2.870000000000000000e+03 1.703040856754870674e+03
2.880000000000000000e+03 1.702933996457295279e+03
2.890000000000000000e+03 1.702573401268090720e+03
2.900000000000000000e+03 1.702212806078886388e+03
2.910000000000000000e+03 1.701852210889681828e+03
2.920000000000000000e+03 1.701257195227417242e+03
2.930000000000000000e+03 1.700662179565152883e+03
2.940000000000000000e+03 1.700067163902888296e+03
2.950000000000000000e+03 1.699292730578129294e+03
2.960000000000000000e+03 1.698518297253370292e+03
2.970000000000000000e+03 1.697743863928611290e+03
2.980000000000000000e+03 1.696872330464612787e+03
2.990000000000000000e+03 1.696000797000614284e+03
3.000000000000000000e+03 1.695129263536615781e+03
3.010000000000000000e+03 1.695255362881620385e+03
3.020000000000000000e+03 1.695381462226625217e+03
3.030000000000000000e+03 1.695507561571629822e+03
3.040000000000000000e+03 1.696121137180648702e+03
3.050000000000000000e+03 1.696734712789667356e+03
3.060000000000000000e+03 1.697348288398686236e+03
3.070000000000000000e+03 1.697918754912643180e+03
3.080000000000000000e+03 1.698489221426599897e+03
3.090000000000000000e+03 1.699059687940556842e+03
3.100000000000000000e+03 1.699576273296496993e+03
3.110000000000000000e+03 1.700092858652436917e+03
3.120000000000000000e+03 1.700609444008377068e+03
3.130000000000000000e+03 1.701204864916522638e+03
3.140000000000000000e+03 1.701800285824668435e+03
3.150000000000000000e+03 1.702395706732814006e+03
3.160000000000000000e+03 1.702921955401103332e+03
3.170000000000000000e+03 1.703448204069392659e+03
3.180000000000000000e+03 1.703974452737681986e+03
3.190000000000000000e+03 1.704504846954596587e+03
3.200000000000000000e+03 1.705035241171511416e+03
3.210000000000000000e+03 1.705565635388426017e+03
3.220000000000000000e+03 1.706080843935150597e+03
3.230000000000000000e+03 1.706596052481874949e+03
3.240000000000000000e+03 1.707111261028599529e+03
3.250000000000000000e+03 1.707715211981924313e+03
3.260000000000000000e+03 1.708319162935249324e+03
3.270000000000000000e+03 1.708923113888574107e+03
3.280000000000000000e+03 1.709783755802192218e+03
3.290000000000000000e+03 1.710644397715810101e+03
3.300000000000000000e+03 1.711505039629428211e+03
3.310000000000000000e+03 1.712668987291832991e+03
3.320000000000000000e+03 1.713832934954237544e+03
3.330000000000000000e+03 1.714996882616642324e+03
3.340000000000000000e+03 1.716448573790889668e+03
3.350000000000000000e+03 1.717900264965136785e+03
3.360000000000000000e+03 1.719351956139384129e+03
3.370000000000000000e+03 1.720906333245944325e+03
3.380000000000000000e+03 1.722460710352504293e+03
3.390000000000000000e+03 1.724015087459064489e+03
3.400000000000000000e+03 1.725649831297334231e+03
3.410000000000000000e+03 1.727284575135603973e+03
3.420000000000000000e+03 1.728919318973873715e+03
3.430000000000000000e+03 1.730451868701541116e+03
3.440000000000000000e+03 1.731984418429208290e+03
3.450000000000000000e+03 1.733516968156875691e+03
3.460000000000000000e+03 1.734849956765535808e+03
3.470000000000000000e+03 1.736182945374195924e+03
3.480000000000000000e+03 1.737515933982856041e+03
3.490000000000000000e+03 1.738515180451546030e+03
3.500000000000000000e+03 1.739514426920235792e+03
3.510000000000000000e+03 1.740513673388925781e+03
3.520000000000000000e+03 1.741419817620475214e+03
3.530000000000000000e+03 1.742325961852024875e+03
3.540000000000000000e+03 1.743232106083574308e+03
3.550000000000000000e+03 1.743937841531178037e+03
3.560000000000000000e+03 1.744643576978781766e+03
3.570000000000000000e+03 1.745349312426385495e+03
3.580000000000000000e+03 1.745954543483673888e+03
3.590000000000000000e+03 1.746559774540962508e+03
3.600000000000000000e+03 1.747165005598250900e+03
3.610000000000000000e+03 1.747825258756471612e+03
3.620000000000000000e+03 1.748485511914692324e+03
3.630000000000000000e+03 1.749145765072913036e+03
3.640000000000000000e+03 1.750099605781978198e+03
3.650000000000000000e+03 1.751053446491043132e+03
3.660000000000000000e+03 1.752007287200108294e+03
3.670000000000000000e+03 1.753002476083347119e+03
3.680000000000000000e+03 1.753997664966585717e+03
3.690000000000000000e+03 1.754992853849824542e+03
3.700000000000000000e+03 1.756206615913618180e+03
3.710000000000000000e+03 1.757420377977412045e+03
3.720000000000000000e+03 1.758634140041205683e+03
3.730000000000000000e+03 1.760146942681747078e+03
3.740000000000000000e+03 1.761659745322288472e+03
3.750000000000000000e+03 1.763172547962829867e+03
3.760000000000000000e+03 1.764989958878831430e+03
3.770000000000000000e+03 1.766807369794832766e+03
3.780000000000000000e+03 1.768624780710834330e+03
3.790000000000000000e+03 1.770668721474910853e+03
3.800000000000000000e+03 1.772712662238987377e+03
3.810000000000000000e+03 1.774756603003063901e+03
3.820000000000000000e+03 1.777048333375331822e+03
3.830000000000000000e+03 1.779340063747599743e+03
3.840000000000000000e+03 1.781631794119867664e+03
3.850000000000000000e+03 1.783912440206045176e+03
3.860000000000000000e+03 1.786193086292222688e+03
3.870000000000000000e+03 1.788473732378400200e+03
3.880000000000000000e+03 1.790784240990162061e+03
3.890000000000000000e+03 1.793094749601924150e+03
3.900000000000000000e+03 1.795405258213686011e+03
3.910000000000000000e+03 1.797683878799012291e+03
3.920000000000000000e+03 1.799962499384338571e+03
3.930000000000000000e+03 1.802241119969664851e+03
3.940000000000000000e+03 1.804175075275295285e+03
3.950000000000000000e+03 1.806109030580925946e+03
3.960000000000000000e+03 1.808042985886556380e+03
3.970000000000000000e+03 1.809760774114993410e+03
3.980000000000000000e+03 1.811478562343430212e+03
3.990000000000000000e+03 1.813196350571867242e+03
4.000000000000000000e+03 1.814582845508531364e+03
4.010000000000000000e+03 1.815969340445195712e+03
4.020000000000000000e+03 1.817355835381859833e+03
4.030000000000000000e+03 1.818690766128730047e+03
4.040000000000000000e+03 1.820025696875600488e+03
4.050000000000000000e+03 1.821360627622470702e+03
4.060000000000000000e+03 1.822485245188228191e+03
4.070000000000000000e+03 1.823609862753985453e+03
4.080000000000000000e+03 1.824734480319742943e+03
4.090000000000000000e+03 1.825648968060477046e+03
4.100000000000000000e+03 1.826563455801211376e+03
4.110000000000000000e+03 1.827477943541945479e+03
4.120000000000000000e+03 1.828375792126413899e+03
4.130000000000000000e+03 1.829273640710882546e+03
4.140000000000000000e+03 1.830171489295350966e+03
4.150000000000000000e+03 1.830795535635832266e+03
4.160000000000000000e+03 1.831419581976313566e+03
4.170000000000000000e+03 1.832043628316794866e+03
4.180000000000000000e+03 1.832416293147842453e+03
4.190000000000000000e+03 1.832788957978889812e+03
4.200000000000000000e+03 1.833161622809937398e+03
4.210000000000000000e+03 1.833556473028633036e+03
4.220000000000000000e+03 1.833951323247328901e+03
4.230000000000000000e+03 1.834346173466024538e+03
4.240000000000000000e+03 1.834468849044743365e+03
4.250000000000000000e+03 1.834591524623462192e+03
4.260000000000000000e+03 1.834714200202181019e+03
4.270000000000000000e+03 1.834724424995558593e+03
4.280000000000000000e+03 1.834734649788935940e+03
4.290000000000000000e+03 1.834744874582313514e+03
4.300000000000000000e+03 1.834744973250906241e+03
4.310000000000000000e+03 1.834745071919498969e+03
4.320000000000000000e+03 1.834745170588091696e+03
4.330000000000000000e+03 1.834590926879470544e+03
4.340000000000000000e+03 1.834436683170849619e+03
4.350000000000000000e+03 1.834282439462228467e+03
4.360000000000000000e+03 1.834255130541261224e+03
4.370000000000000000e+03 1.834227821620293980e+03
4.380000000000000000e+03 1.834200512699326737e+03
4.390000000000000000e+03 1.834027517502629280e+03
4.400000000000000000e+03 1.833854522305931823e+03
4.410000000000000000e+03 1.833681527109234366e+03
4.420000000000000000e+03 1.833536307732555315e+03
4.430000000000000000e+03 1.833391088355876491e+03
4.440000000000000000e+03 1.833245868979197439e+03
4.450000000000000000e+03 1.833120326171658689e+03
4.460000000000000000e+03 1.832994783364119940e+03
4.470000000000000000e+03 1.832869240556581190e+03
4.480000000000000000e+03 1.832989060333479983e+03
4.490000000000000000e+03 1.833108880110379005e+03
4.500000000000000000e+03 1.833228699887277799e+03
4.510000000000000000e+03 1.833541924956248977e+03
4.520000000000000000e+03 1.833855150025219928e+03
4.530000000000000000e+03 1.834168375094191106e+03
4.540000000000000000e+03 1.834299331331560097e+03
4.550000000000000000e+03 1.834430287568929316e+03
4.560000000000000000e+03 1.834561243806298307e+03
4.570000000000000000e+03 1.834648107985764909e+03
4.580000000000000000e+03 1.834734972165231511e+03
4.590000000000000000e+03 1.834821836344698113e+03
4.600000000000000000e+03 1.835158172880013581e+03
4.610000000000000000e+03 1.835494509415329276e+03
4.620000000000000000e+03 1.835830845950644743e+03
4.630000000000000000e+03 1.836526164448645432e+03
4.640000000000000000e+03 1.837221482946646120e+03
4.650000000000000000e+03 1.837916801444646808e+03
4.660000000000000000e+03 1.838870184841635137e+03
4.670000000000000000e+03 1.839823568238623238e+03
4.680000000000000000e+03 1.840776951635611567e+03
4.690000000000000000e+03 1.841900793222311222e+03
4.700000000000000000e+03 1.843024634809011104e+03
4.710000000000000000e+03 1.844148476395710759e+03
4.720000000000000000e+03 1.845443483959125615e+03
4.730000000000000000e+03 1.846738491522540244e+03
4.740000000000000000e+03 1.848033499085955100e+03
4.750000000000000000e+03 1.849412472502207265e+03
4.760000000000000000e+03 1.850791445918459658e+03
4.770000000000000000e+03 1.852170419334711823e+03
4.780000000000000000e+03 1.853487211021395751e+03
4.790000000000000000e+03 1.854804002708079452e+03
4.800000000000000000e+03 1.856120794394763379e+03
4.810000000000000000e+03 1.857476517127286115e+03
4.820000000000000000e+03 1.858832239859808851e+03
4.830000000000000000e+03 1.860187962592331587e+03
4.840000000000000000e+03 1.861258472332178371e+03
4.850000000000000000e+03 1.862328982072025156e+03
4.860000000000000000e+03 1.863399491811871940e+03
4.870000000000000000e+03 1.864363178893450595e+03
4.880000000000000000e+03 1.865326865975029477e+03
4.890000000000000000e+03 1.866290553056608132e+03
4.900000000000000000e+03 1.867305119879005360e+03
4.910000000000000000e+03 1.868319686701402588e+03
4.920000000000000000e+03 1.869334253523799816e+03
4.930000000000000000e+03 1.870264544799124678e+03
4.940000000000000000e+03 1.871194836074449313e+03
4.950000000000000000e+03 1.872125127349774175e+03
4.960000000000000000e+03 1.873065594557018812e+03
4.970000000000000000e+03 1.874006061764263450e+03
4.980000000000000000e+03 1.874946528971508087e+03
4.990000000000000000e+03 1.875645466937019137e+03
5.000000000000000000e+03 1.876344404902530187e+03
5.010000000000000000e+03 1.877043342868041236e+03
5.020000000000000000e+03 1.877723662055167324e+03
5.030000000000000000e+03 1.878403981242293639e+03
5.040000000000000000e+03 1.879084300429419727e+03
5.050000000000000000e+03 1.879661176007153927e+03
5.060000000000000000e+03 1.880238051584888353e+03
5.070000000000000000e+03 1.880814927162622553e+03
5.080000000000000000e+03 1.881475287782529676e+03
5.090000000000000000e+03 1.882135648402436800e+03
5.100000000000000000e+03 1.882796009022343924e+03
5.110000000000000000e+03 1.883545343567977625e+03
5.120000000000000000e+03 1.884294678113611553e+03
5.130000000000000000e+03 1.885044012659245254e+03
5.140000000000000000e+03 1.885646961314750797e+03
5.150000000000000000e+03 1.886249909970256567e+03
5.160000000000000000e+03 1.886852858625762110e+03
5.170000000000000000e+03 1.887133302118523943e+03
5.180000000000000000e+03 1.887413745611285776e+03
5.190000000000000000e+03 1.887694189104047609e+03
5.200000000000000000e+03 1.888036180290628408e+03
5.210000000000000000e+03 1.888378171477209435e+03
5.220000000000000000e+03 1.888720162663790234e+03
5.230000000000000000e+03 1.888962372137212924e+03
5.240000000000000000e+03 1.889204581610635842e+03
5.250000000000000000e+03 1.889446791084058532e+03
5.260000000000000000e+03 1.889759472742686057e+03
5.270000000000000000e+03 1.890072154401313583e+03
5.280000000000000000e+03 1.890384836059941108e+03
5.290000000000000000e+03 1.890673832917600294e+03
5.300000000000000000e+03 1.890962829775259706e+03
5.310000000000000000e+03 1.891251826632918892e+03
5.320000000000000000e+03 1.891678935225837222e+03
5.330000000000000000e+03 1.892106043818755552e+03
5.340000000000000000e+03 1.892533152411673882e+03
5.350000000000000000e+03 1.893271596811596964e+03
5.360000000000000000e+03 1.894010041211520274e+03
5.370000000000000000e+03 1.894748485611443357e+03
5.380000000000000000e+03 1.895697556583040296e+03
5.390000000000000000e+03 1.896646627554637234e+03
5.400000000000000000e+03 1.897595698526234173e+03
5.410000000000000000e+03 1.898711432299473699e+03
5.420000000000000000e+03 1.899827166072713453e+03
5.430000000000000000e+03 1.900942899845952979e+03
5.440000000000000000e+03 1.902034999580113208e+03
5.450000000000000000e+03 1.903127099314273664e+03
5.460000000000000000e+03 1.904219199048433893e+03
5.470000000000000000e+03 1.905273466901169058e+03
5.480000000000000000e+03 1.906327734753903997e+03
5.490000000000000000e+03 1.907382002606639162e+03
5.500000000000000000e+03 1.908713114711918024e+03
5.510000000000000000e+03 1.910044226817196886e+03
5.520000000000000000e+03 1.911375338922475748e+03
5.530000000000000000e+03 1.912787130667249130e+03
5.540000000000000000e+03 1.914198922412022284e+03
5.550000000000000000e+03 1.915610714156795666e+03
5.560000000000000000e+03 1.916964841836452479e+03
5.570000000000000000e+03 1.918318969516109519e+03
5.580000000000000000e+03 1.919673097195766331e+03
5.590000000000000000e+03 1.920942561201891976e+03
5.600000000000000000e+03 1.922212025208017621e+03
5.610000000000000000e+03 1.923481489214143267e+03
5.620000000000000000e+03 1.924848951921590924e+03
5.630000000000000000e+03 1.926216414629038354e+03
5.640000000000000000e+03 1.927583877336486012e+03
5.650000000000000000e+03 1.928956977557046230e+03
5.660000000000000000e+03 1.930330077777606448e+03
5.670000000000000000e+03 1.931703177998166666e+03
5.680000000000000000e+03 1.933130980778674029e+03
5.690000000000000000e+03 1.934558783559181393e+03
5.700000000000000000e+03 1.935986586339688756e+03
5.710000000000000000e+03 1.937464109832078520e+03
5.720000000000000000e+03 1.938941633324468057e+03
5.730000000000000000e+03 1.940419156816857821e+03
5.740000000000000000e+03 1.942198014742476971e+03
5.750000000000000000e+03 1.943976872668095893e+03
5.760000000000000000e+03 1.945755730593715043e+03
5.770000000000000000e+03 1.947637449489907567e+03
5.780000000000000000e+03 1.949519168386100318e+03
5.790000000000000000e+03 1.951400887282292842e+03
5.800000000000000000e+03 1.953206737169375856e+03
5.810000000000000000e+03 1.955012587056458869e+03
5.820000000000000000e+03 1.956818436943541883e+03
5.830000000000000000e+03 1.958520164891696368e+03
5.840000000000000000e+03 1.960221892839850852e+03
5.850000000000000000e+03 1.961923620788005337e+03
5.860000000000000000e+03 1.963425941955046937e+03
5.870000000000000000e+03 1.964928263122088765e+03
5.880000000000000000e+03 1.966430584289130366e+03
5.890000000000000000e+03 1.967789597753997441e+03
5.900000000000000000e+03 1.969148611218864517e+03
5.910000000000000000e+03 1.970507624683731592e+03
5.920000000000000000e+03 1.971790788569301185e+03
5.930000000000000000e+03 1.973073952454871005e+03
5.940000000000000000e+03 1.974357116340440598e+03
5.950000000000000000e+03 1.975479125533669276e+03
5.960000000000000000e+03 1.976601134726897953e+03
5.970000000000000000e+03 1.977723143920126631e+03
5.980000000000000000e+03 1.978754768592551727e+03
5.990000000000000000e+03 1.979786393264976596e+03
6.000000000000000000e+03 1.980818017937401692e+03
6.010000000000000000e+03 1.981747022047246219e+03
6.020000000000000000e+03 1.982676026157090973e+03
6.030000000000000000e+03 1.983605030266935501e+03
6.040000000000000000e+03 1.984276494098686271e+03
6.050000000000000000e+03 1.984947957930437269e+03
6.060000000000000000e+03 1.985619421762188040e+03
6.070000000000000000e+03 1.986080357998206864e+03
6.080000000000000000e+03 1.986541294234225916e+03
6.090000000000000000e+03 1.987002230470244740e+03
6.100000000000000000e+03 1.987540761398942323e+03
6.110000000000000000e+03 1.988079292327639905e+03
6.120000000000000000e+03 1.988617823256337488e+03
6.130000000000000000e+03 1.989203459596359153e+03
6.140000000000000000e+03 1.989789095936380818e+03
6.150000000000000000e+03 1.990374732276402483e+03
6.160000000000000000e+03 1.991138820739415905e+03
6.170000000000000000e+03 1.991902909202429328e+03
6.180000000000000000e+03 1.992666997665442750e+03
6.190000000000000000e+03 1.993337054829580893e+03
6.200000000000000000e+03 1.994007111993718809e+03
6.210000000000000000e+03 1.994677169157856952e+03
6.220000000000000000e+03 1.995545741721522290e+03
6.230000000000000000e+03 1.996414314285187402e+03
6.240000000000000000e+03 1.997282886848852741e+03
6.250000000000000000e+03 1.998424388949504191e+03
6.260000000000000000e+03 1.999565891050155642e+03
6.270000000000000000e+03 2.000707393150807093e+03
6.280000000000000000e+03 2.002378235134199713e+03
6.290000000000000000e+03 2.004049077117592333e+03
6.300000000000000000e+03 2.005719919100984953e+03
6.310000000000000000e+03 2.008105553529306235e+03
6.320000000000000000e+03 2.010491187957627517e+03
6.330000000000000000e+03 2.012876822385948799e+03
6.340000000000000000e+03 2.015632263094100836e+03
6.350000000000000000e+03 2.018387703802252872e+03
6.360000000000000000e+03 2.021143144510404909e+03
6.370000000000000000e+03 2.024447946412637293e+03
6.380000000000000000e+03 2.027752748314869450e+03
6.390000000000000000e+03 2.031057550217101834e+03
6.400000000000000000e+03 2.034755154449366501e+03
6.410000000000000000e+03 2.038452758681631167e+03
6.420000000000000000e+03 2.042150362913895833e+03
6.430000000000000000e+03 2.046264039373932974e+03
6.440000000000000000e+03 2.050377715833969887e+03
6.450000000000000000e+03 2.054491392294007255e+03
6.460000000000000000e+03 2.058880940769979134e+03
6.470000000000000000e+03 2.063270489245950557e+03
6.480000000000000000e+03 2.067660037721922436e+03
6.490000000000000000e+03 2.072468540950735587e+03
6.500000000000000000e+03 2.077277044179549193e+03
6.510000000000000000e+03 2.082085547408362345e+03
6.520000000000000000e+03 2.087107222627090323e+03
6.530000000000000000e+03 2.092128897845818301e+03
6.540000000000000000e+03 2.097150573064546279e+03
6.550000000000000000e+03 2.102060431695650550e+03
6.560000000000000000e+03 2.106970290326755276e+03
6.570000000000000000e+03 2.111880148957859546e+03
6.580000000000000000e+03 2.116708869081242483e+03
6.590000000000000000e+03 2.121537589204625419e+03
6.600000000000000000e+03 2.126366309328008356e+03
6.610000000000000000e+03 2.130881416422937491e+03
6.620000000000000000e+03 2.135396523517866626e+03
6.630000000000000000e+03 2.139911630612795761e+03
6.640000000000000000e+03 2.143951209711156025e+03
6.650000000000000000e+03 2.147990788809515834e+03
6.660000000000000000e+03 2.152030367907876098e+03
6.670000000000000000e+03 2.155764738495755410e+03
6.680000000000000000e+03 2.159499109083634266e+03
6.690000000000000000e+03 2.163233479671513578e+03
6.700000000000000000e+03 2.166860410096184751e+03
6.710000000000000000e+03 2.170487340520856378e+03
6.720000000000000000e+03 2.174114270945527551e+03
6.730000000000000000e+03 2.177198827131235703e+03
6.740000000000000000e+03 2.180283383316943855e+03
6.750000000000000000e+03 2.183367939502652007e+03
6.760000000000000000e+03 2.186439717279254182e+03
6.770000000000000000e+03 2.189511495055856813e+03
6.780000000000000000e+03 2.192583272832458988e+03
6.790000000000000000e+03 2.195335355473472191e+03
6.800000000000000000e+03 2.198087438114485394e+03
6.810000000000000000e+03 2.200839520755498597e+03
6.820000000000000000e+03 2.203530654489855351e+03
6.830000000000000000e+03 2.206221788224212560e+03
6.840000000000000000e+03 2.208912921958569314e+03
6.850000000000000000e+03 2.211872559737314077e+03
6.860000000000000000e+03 2.214832197516058841e+03
6.870000000000000000e+03 2.217791835294803604e+03
6.880000000000000000e+03 2.220769058325165588e+03
6.890000000000000000e+03 2.223746281355527572e+03
6.900000000000000000e+03 2.226723504385889555e+03
6.910000000000000000e+03 2.230183953386487246e+03
6.920000000000000000e+03 2.233644402387085393e+03
6.930000000000000000e+03 2.237104851387683084e+03
6.940000000000000000e+03 2.240743454050614673e+03
6.950000000000000000e+03 2.244382056713546717e+03
6.960000000000000000e+03 2.248020659376478307e+03
6.970000000000000000e+03 2.252212406907241075e+03
6.980000000000000000e+03 2.256404154438003388e+03
6.990000000000000000e+03 2.260595901968766157e+03
7.000000000000000000e+03 2.265291304387139917e+03
7.010000000000000000e+03 2.269986706805513222e+03
7.020000000000000000e+03 2.274682109223886982e+03
7.030000000000000000e+03 2.279606272820689355e+03
7.040000000000000000e+03 2.284530436417491728e+03
7.050000000000000000e+03 2.289454600014294101e+03
7.060000000000000000e+03 2.294505268527904718e+03
7.070000000000000000e+03 2.299555937041515790e+03
7.080000000000000000e+03 2.304606605555126407e+03
7.090000000000000000e+03 2.309904929736589111e+03
7.100000000000000000e+03 2.315203253918052269e+03
7.110000000000000000e+03 2.320501578099514973e+03
7.120000000000000000e+03 2.325835876104816180e+03
7.130000000000000000e+03 2.331170174110117841e+03
7.140000000000000000e+03 2.336504472115419048e+03
7.150000000000000000e+03 2.341733805805009524e+03
7.160000000000000000e+03 2.346963139494600455e+03
7.170000000000000000e+03 2.352192473184190931e+03
7.180000000000000000e+03 2.357012398238152400e+03
7.190000000000000000e+03 2.361832323292113870e+03
7.200000000000000000e+03 2.366652248346075339e+03
7.210000000000000000e+03 2.370864459906181764e+03
7.220000000000000000e+03 2.375076671466288644e+03
7.230000000000000000e+03 2.379288883026395069e+03
7.240000000000000000e+03 2.382926465570582877e+03
7.250000000000000000e+03 2.386564048114771140e+03
7.260000000000000000e+03 2.390201630658958948e+03
7.270000000000000000e+03 2.393405065307495533e+03
7.280000000000000000e+03 2.396608499956032119e+03
7.290000000000000000e+03 2.399811934604568705e+03
7.300000000000000000e+03 2.402601990699587077e+03
7.310000000000000000e+03 2.405392046794605903e+03
7.320000000000000000e+03 2.408182102889624275e+03
7.330000000000000000e+03 2.410338311554617121e+03
7.340000000000000000e+03 2.412494520219610422e+03
7.350000000000000000e+03 2.414650728884603268e+03
7.360000000000000000e+03 2.416300170584730040e+03
7.370000000000000000e+03 2.417949612284856812e+03
7.380000000000000000e+03 2.419599053984983584e+03
7.390000000000000000e+03 2.421086993051573700e+03
7.400000000000000000e+03 2.422574932118163815e+03
7.410000000000000000e+03 2.424062871184753931e+03
7.420000000000000000e+03 2.425882771760963351e+03
7.430000000000000000e+03 2.427702672337173226e+03
7.440000000000000000e+03 2.429522572913382646e+03
7.450000000000000000e+03 2.431867657454589335e+03
7.460000000000000000e+03 2.434212741995796478e+03
7.470000000000000000e+03 2.436557826537003166e+03
7.480000000000000000e+03 2.438876282593935684e+03
7.490000000000000000e+03 2.441194738650868203e+03
7.500000000000000000e+03 2.443513194707800722e+03
7.510000000000000000e+03 2.446254285762891868e+03
7.520000000000000000e+03 2.448995376817982560e+03
7.530000000000000000e+03 2.451736467873073707e+03
7.540000000000000000e+03 2.454520404185815096e+03
7.550000000000000000e+03 2.457304340498556485e+03
7.560000000000000000e+03 2.460088276811297874e+03
7.570000000000000000e+03 2.462976885435612530e+03
7.580000000000000000e+03 2.465865494059927187e+03
7.590000000000000000e+03 2.468754102684241843e+03
7.600000000000000000e+03 2.471909649030485980e+03
7.610000000000000000e+03 2.475065195376730117e+03
7.620000000000000000e+03 2.478220741722974253e+03
7.630000000000000000e+03 2.481304828167591040e+03
7.640000000000000000e+03 2.484388914612208282e+03
7.650000000000000000e+03 2.487473001056825069e+03
7.660000000000000000e+03 2.490398954790048265e+03
7.670000000000000000e+03 2.493324908523271006e+03
7.680000000000000000e+03 2.496250862256494202e+03
7.690000000000000000e+03 2.499101419846205772e+03
7.700000000000000000e+03 2.501951977435916888e+03
7.710000000000000000e+03 2.504802535025628458e+03
7.720000000000000000e+03 2.507677690366786464e+03
7.730000000000000000e+03 2.510552845707944925e+03
7.740000000000000000e+03 2.513428001049102932e+03
7.750000000000000000e+03 2.516010775552995256e+03
7.760000000000000000e+03 2.518593550056888034e+03
7.770000000000000000e+03 2.521176324560780358e+03
7.780000000000000000e+03 2.523291029731408798e+03
7.790000000000000000e+03 2.525405734902036784e+03
7.800000000000000000e+03 2.527520440072665224e+03
7.810000000000000000e+03 2.529528361428374865e+03
7.820000000000000000e+03 2.531536282784084960e+03
7.830000000000000000e+03 2.533544204139794601e+03
7.840000000000000000e+03 2.535404599709231661e+03
7.850000000000000000e+03 2.537264995278668721e+03
7.860000000000000000e+03 2.539125390848105781e+03
7.870000000000000000e+03 2.540990452628769617e+03
7.880000000000000000e+03 2.542855514409433908e+03
7.890000000000000000e+03 2.544720576190097745e+03
7.900000000000000000e+03 2.546772957065169976e+03
7.910000000000000000e+03 2.548825337940242207e+03
7.920000000000000000e+03 2.550877718815314438e+03
7.930000000000000000e+03 2.553148332145875884e+03
7.940000000000000000e+03 2.555418945476437784e+03
7.950000000000000000e+03 2.557689558806999230e+03
7.960000000000000000e+03 2.559985500870849137e+03
7.970000000000000000e+03 2.562281442934698589e+03
7.980000000000000000e+03 2.564577384998548496e+03
7.990000000000000000e+03 2.566798289595859842e+03
8.000000000000000000e+03 2.569019194193171643e+03
8.010000000000000000e+03 2.571240098790482989e+03
8.020000000000000000e+03 2.573533912889034127e+03
8.030000000000000000e+03 2.575827726987585265e+03
8.040000000000000000e+03 2.578121541086136403e+03
8.050000000000000000e+03 2.580477082362999681e+03
8.060000000000000000e+03 2.582832623639862959e+03
8.070000000000000000e+03 2.585188164916726237e+03
8.080000000000000000e+03 2.587710727770169342e+03
8.090000000000000000e+03 2.590233290623611992e+03
8.100000000000000000e+03 2.592755853477055098e+03
8.110000000000000000e+03 2.595587090231935690e+03
8.120000000000000000e+03 2.598418326986816737e+03
8.130000000000000000e+03 2.601249563741697330e+03
8.140000000000000000e+03 2.604510356977305946e+03
8.150000000000000000e+03 2.607771150212915018e+03
8.160000000000000000e+03 2.611031943448523634e+03
8.170000000000000000e+03 2.613684217982074188e+03
8.180000000000000000e+03 2.616336492515625196e+03
8.190000000000000000e+03 2.618988767049175749e+03
8.200000000000000000e+03 2.621545748395639748e+03
8.210000000000000000e+03 2.624102729742103747e+03
8.220000000000000000e+03 2.626659711088567747e+03
8.230000000000000000e+03 2.629213918460515742e+03
8.240000000000000000e+03 2.631768125832464193e+03
8.250000000000000000e+03 2.634322333204412189e+03
8.260000000000000000e+03 2.637026224715426451e+03
8.270000000000000000e+03 2.639730116226441169e+03
8.280000000000000000e+03 2.642434007737455431e+03
8.290000000000000000e+03 2.645637884277565263e+03
8.300000000000000000e+03 2.648841760817675549e+03
8.310000000000000000e+03 2.652045637357785381e+03
8.320000000000000000e+03 2.655154313951498352e+03
8.330000000000000000e+03 2.658262990545211323e+03
8.340000000000000000e+03 2.661371667138924295e+03
8.350000000000000000e+03 2.664126434088652331e+03
8.360000000000000000e+03 2.666881201038380823e+03
8.370000000000000000e+03 2.669635967988108860e+03
8.380000000000000000e+03 2.673371376036443053e+03
8.390000000000000000e+03 2.677106784084777701e+03
8.400000000000000000e+03 2.680842192133111894e+03
8.410000000000000000e+03 2.685616070003816731e+03
8.420000000000000000e+03 2.690389947874522022e+03
8.430000000000000000e+03 2.695163825745226859e+03
8.440000000000000000e+03 2.701218382610817116e+03
8.450000000000000000e+03 2.707272939476407828e+03
8.460000000000000000e+03 2.713327496341998085e+03
8.470000000000000000e+03 2.720801788949474030e+03
8.480000000000000000e+03 2.728276081556949975e+03
8.490000000000000000e+03 2.735750374164425921e+03
8.500000000000000000e+03 2.744639785831070185e+03
8.510000000000000000e+03 2.753529197497714449e+03
8.520000000000000000e+03 2.762418609164358713e+03
8.530000000000000000e+03 2.772534328772747358e+03
8.540000000000000000e+03 2.782650048381136003e+03
8.550000000000000000e+03 2.792765767989524647e+03
8.560000000000000000e+03 2.803694268982538688e+03
8.570000000000000000e+03 2.814622769975553183e+03
8.580000000000000000e+03 2.825551270968567223e+03
8.590000000000000000e+03 2.836613790344404151e+03
8.600000000000000000e+03 2.847676309720241534e+03
8.610000000000000000e+03 2.858738829096078462e+03
8.620000000000000000e+03 2.868950846403263313e+03
8.630000000000000000e+03 2.879162863710447709e+03
8.640000000000000000e+03 2.889374881017632561e+03
8.650000000000000000e+03 2.897405597350028529e+03
8.660000000000000000e+03 2.905436313682424952e+03
