0.000000000000000000e+00 1.728427180571423605e+03
1.000000000000000000e+01 1.728340409181616678e+03
2.000000000000000000e+01 1.728253637791809751e+03
3.000000000000000000e+01 1.728166866402002825e+03
4.000000000000000000e+01 1.728360403490419003e+03
5.000000000000000000e+01 1.728553940578835181e+03
6.000000000000000000e+01 1.728747477667251360e+03
7.000000000000000000e+01 1.729114809995072619e+03
8.000000000000000000e+01 1.729482142322894106e+03
9.000000000000000000e+01 1.729849474650715365e+03
1.000000000000000000e+02 1.730307794942591272e+03
1.100000000000000000e+02 1.730766115234467406e+03
1.200000000000000000e+02 1.731224435526343314e+03
1.300000000000000000e+02 1.731712161352537805e+03
1.400000000000000000e+02 1.732199887178732070e+03
1.500000000000000000e+02 1.732687613004926561e+03
1.600000000000000000e+02 1.733161905663465177e+03
1.700000000000000000e+02 1.733636198322003565e+03
1.800000000000000000e+02 1.734110490980542181e+03
1.900000000000000000e+02 1.734544774379359524e+03
2.000000000000000000e+02 1.734979057778177093e+03
2.100000000000000000e+02 1.735413341176994436e+03
2.200000000000000000e+02 1.735794820716081631e+03
2.300000000000000000e+02 1.736176300255169053e+03
2.400000000000000000e+02 1.736557779794256248e+03
2.500000000000000000e+02 1.736884961247808178e+03
2.600000000000000000e+02 1.737212142701359880e+03
2.700000000000000000e+02 1.737539324154911810e+03
2.800000000000000000e+02 1.737819532552962073e+03
2.900000000000000000e+02 1.738099740951012109e+03
3.000000000000000000e+02 1.738379949349062372e+03
3.100000000000000000e+02 1.738653049805768887e+03
3.200000000000000000e+02 1.738926150262475630e+03
3.300000000000000000e+02 1.739199250719182146e+03
3.400000000000000000e+02 1.739406184264106741e+03
3.500000000000000000e+02 1.739613117809031337e+03
3.600000000000000000e+02 1.739820051353955932e+03
3.700000000000000000e+02 1.740107644857394234e+03
3.800000000000000000e+02 1.740395238360832309e+03
3.900000000000000000e+02 1.740682831864270611e+03
4.000000000000000000e+02 1.740935041177540143e+03
4.100000000000000000e+02 1.741187250490809902e+03
4.200000000000000000e+02 1.741439459804079434e+03
4.300000000000000000e+02 1.741681450676112718e+03
4.400000000000000000e+02 1.741923441548145775e+03
4.500000000000000000e+02 1.742165432420179059e+03
4.600000000000000000e+02 1.742482134057346457e+03
4.700000000000000000e+02 1.742798835694514082e+03
4.800000000000000000e+02 1.743115537331681480e+03
4.900000000000000000e+02 1.743460462986730136e+03
5.000000000000000000e+02 1.743805388641779018e+03
5.100000000000000000e+02 1.744150314296827673e+03
5.200000000000000000e+02 1.744596762483823341e+03
5.300000000000000000e+02 1.745043210670819235e+03
5.400000000000000000e+02 1.745489658857814902e+03
5.500000000000000000e+02 1.745846035809405976e+03
5.600000000000000000e+02 1.746202412760997277e+03
5.700000000000000000e+02 1.746558789712588350e+03
5.800000000000000000e+02 1.746909911378113748e+03
5.900000000000000000e+02 1.747261033043638918e+03
6.000000000000000000e+02 1.747612154709164315e+03
6.100000000000000000e+02 1.748011441186908314e+03
6.200000000000000000e+02 1.748410727664652541e+03
6.300000000000000000e+02 1.748810014142396540e+03
6.400000000000000000e+02 1.749430179369930329e+03
6.500000000000000000e+02 1.750050344597464345e+03
6.600000000000000000e+02 1.750670509824998135e+03
6.700000000000000000e+02 1.751191822756657302e+03
6.800000000000000000e+02 1.751713135688316697e+03
6.900000000000000000e+02 1.752234448619975865e+03
7.000000000000000000e+02 1.752829904212399697e+03
7.100000000000000000e+02 1.753425359804823756e+03
7.200000000000000000e+02 1.754020815397247588e+03
7.300000000000000000e+02 1.754558098942606193e+03
7.400000000000000000e+02 1.755095382487964798e+03
7.500000000000000000e+02 1.755632666033323403e+03
7.600000000000000000e+02 1.756184278461895246e+03
7.700000000000000000e+02 1.756735890890467090e+03
7.800000000000000000e+02 1.757287503319038933e+03
7.900000000000000000e+02 1.757950821708353260e+03
8.000000000000000000e+02 1.758614140097667814e+03
8.100000000000000000e+02 1.759277458486982141e+03
8.200000000000000000e+02 1.760010243243564901e+03
8.300000000000000000e+02 1.760743028000147888e+03
8.400000000000000000e+02 1.761475812756730647e+03
8.500000000000000000e+02 1.762367057182131703e+03
8.600000000000000000e+02 1.763258301607532758e+03
8.700000000000000000e+02 1.764149546032933813e+03
8.800000000000000000e+02 1.764795271932748619e+03
8.900000000000000000e+02 1.765440997832563426e+03
9.000000000000000000e+02 1.766086723732378232e+03
9.100000000000000000e+02 1.766634972857922776e+03
9.200000000000000000e+02 1.767183221983467092e+03
9.300000000000000000e+02 1.767731471109011636e+03
9.400000000000000000e+02 1.768134387164860755e+03
9.500000000000000000e+02 1.768537303220710101e+03
9.600000000000000000e+02 1.768940219276559219e+03
9.700000000000000000e+02 1.769356687137368681e+03
9.800000000000000000e+02 1.769773154998178143e+03
9.900000000000000000e+02 1.770189622858987605e+03
1.000000000000000000e+03 1.770469841764877629e+03
1.010000000000000000e+03 1.770750060670767880e+03
1.020000000000000000e+03 1.771030279576657904e+03
1.030000000000000000e+03 1.771402693513382246e+03
1.040000000000000000e+03 1.771775107450106816e+03
1.050000000000000000e+03 1.772147521386831158e+03
1.060000000000000000e+03 1.772385915177914285e+03
1.070000000000000000e+03 1.772624308968997411e+03
1.080000000000000000e+03 1.772862702760080538e+03
1.090000000000000000e+03 1.772968936935516467e+03
1.100000000000000000e+03 1.773075171110952169e+03
1.110000000000000000e+03 1.773181405286388099e+03
1.120000000000000000e+03 1.773322586781914197e+03
1.130000000000000000e+03 1.773463768277440295e+03
1.140000000000000000e+03 1.773604949772966393e+03
1.150000000000000000e+03 1.773718299808122993e+03
1.160000000000000000e+03 1.773831649843279592e+03
1.170000000000000000e+03 1.773944999878436192e+03
1.180000000000000000e+03 1.774130104738390628e+03
1.190000000000000000e+03 1.774315209598345291e+03
1.200000000000000000e+03 1.774500314458299727e+03
1.210000000000000000e+03 1.775046784008402255e+03
1.220000000000000000e+03 1.775593253558504557e+03
1.230000000000000000e+03 1.776139723108607086e+03
1.240000000000000000e+03 1.776658342560373967e+03
1.250000000000000000e+03 1.777176962012140848e+03
1.260000000000000000e+03 1.777695581463907729e+03
1.270000000000000000e+03 1.777985979131864269e+03
1.280000000000000000e+03 1.778276376799821037e+03
1.290000000000000000e+03 1.778566774467777577e+03
1.300000000000000000e+03 1.778736333105802032e+03
1.310000000000000000e+03 1.778905891743826260e+03
1.320000000000000000e+03 1.779075450381850715e+03
1.330000000000000000e+03 1.779473646484049596e+03
1.340000000000000000e+03 1.779871842586248704e+03
1.350000000000000000e+03 1.780270038688447585e+03
1.360000000000000000e+03 1.780785090907020276e+03
1.370000000000000000e+03 1.781300143125592967e+03
1.380000000000000000e+03 1.781815195344165659e+03
1.390000000000000000e+03 1.782495042698067437e+03
1.400000000000000000e+03 1.783174890051969442e+03
1.410000000000000000e+03 1.783854737405871219e+03
1.420000000000000000e+03 1.784562026079483303e+03
1.430000000000000000e+03 1.785269314753095159e+03
1.440000000000000000e+03 1.785976603426707243e+03
1.450000000000000000e+03 1.786743302864231509e+03
1.460000000000000000e+03 1.787510002301756003e+03
1.470000000000000000e+03 1.788276701739280270e+03
1.480000000000000000e+03 1.789013131862069713e+03
1.490000000000000000e+03 1.789749561984859156e+03
1.500000000000000000e+03 1.790485992107648599e+03
1.510000000000000000e+03 1.790839111118097435e+03
1.520000000000000000e+03 1.791192230128546498e+03
1.530000000000000000e+03 1.791545349138995334e+03
1.540000000000000000e+03 1.791583895742338882e+03
1.550000000000000000e+03 1.791622442345682202e+03
1.560000000000000000e+03 1.791660988949025750e+03
1.570000000000000000e+03 1.791616002030734307e+03
1.580000000000000000e+03 1.791571015112442865e+03
1.590000000000000000e+03 1.791526028194151422e+03
1.600000000000000000e+03 1.791505526006264290e+03
1.610000000000000000e+03 1.791485023818376931e+03
1.620000000000000000e+03 1.791464521630489799e+03
1.630000000000000000e+03 1.791716684154090899e+03
1.640000000000000000e+03 1.791968846677692227e+03
1.650000000000000000e+03 1.792221009201293327e+03
1.660000000000000000e+03 1.792235446443670980e+03
1.670000000000000000e+03 1.792249883686048861e+03
1.680000000000000000e+03 1.792264320928426514e+03
1.690000000000000000e+03 1.792286899272013670e+03
1.700000000000000000e+03 1.792309477615600827e+03
1.710000000000000000e+03 1.792332055959187983e+03
1.720000000000000000e+03 1.792449447891691989e+03
1.730000000000000000e+03 1.792566839824195995e+03
1.740000000000000000e+03 1.792684231756700001e+03
1.750000000000000000e+03 1.793013630628237934e+03
1.760000000000000000e+03 1.793343029499776094e+03
1.770000000000000000e+03 1.793672428371314027e+03
1.780000000000000000e+03 1.794366064322592138e+03
1.790000000000000000e+03 1.795059700273870021e+03
1.800000000000000000e+03 1.795753336225148132e+03
1.810000000000000000e+03 1.796780352798791682e+03
1.820000000000000000e+03 1.797807369372435232e+03
1.830000000000000000e+03 1.798834385946078783e+03
1.840000000000000000e+03 1.799650283596927238e+03
1.850000000000000000e+03 1.800466181247775694e+03
1.860000000000000000e+03 1.801282078898624150e+03
1.870000000000000000e+03 1.802133822621266290e+03
1.880000000000000000e+03 1.802985566343908204e+03
1.890000000000000000e+03 1.803837310066550344e+03
1.900000000000000000e+03 1.804202449762392007e+03
1.910000000000000000e+03 1.804567589458233670e+03
1.920000000000000000e+03 1.804932729154075332e+03
1.930000000000000000e+03 1.805255097913618329e+03
1.940000000000000000e+03 1.805577466673161553e+03
1.950000000000000000e+03 1.805899835432704549e+03
1.960000000000000000e+03 1.806371597741232563e+03
1.970000000000000000e+03 1.806843360049760577e+03
1.980000000000000000e+03 1.807315122358288590e+03
1.990000000000000000e+03 1.807529203993114379e+03
2.000000000000000000e+03 1.807743285627940395e+03
2.010000000000000000e+03 1.807957367262766184e+03
2.020000000000000000e+03 1.808114171341752581e+03
2.030000000000000000e+03 1.808270975420738750e+03
2.040000000000000000e+03 1.808427779499725148e+03
2.050000000000000000e+03 1.808787887255865371e+03
2.060000000000000000e+03 1.809147995012005595e+03
2.070000000000000000e+03 1.809508102768145818e+03
2.080000000000000000e+03 1.810194338358388450e+03
2.090000000000000000e+03 1.810880573948630854e+03
2.100000000000000000e+03 1.811566809538873486e+03
2.110000000000000000e+03 1.812397756598492606e+03
2.120000000000000000e+03 1.813228703658111499e+03
2.130000000000000000e+03 1.814059650717730619e+03
2.140000000000000000e+03 1.815351272055105255e+03
2.150000000000000000e+03 1.816642893392479891e+03
2.160000000000000000e+03 1.817934514729854527e+03
2.170000000000000000e+03 1.818949816951688035e+03
2.180000000000000000e+03 1.819965119173521771e+03
2.190000000000000000e+03 1.820980421395355279e+03
2.200000000000000000e+03 1.821915501524038518e+03
2.210000000000000000e+03 1.822850581652721985e+03
2.220000000000000000e+03 1.823785661781405224e+03
2.230000000000000000e+03 1.824820706276533656e+03
2.240000000000000000e+03 1.825855750771661860e+03
2.250000000000000000e+03 1.826890795266790292e+03
2.260000000000000000e+03 1.827241814450497714e+03
2.270000000000000000e+03 1.827592833634205135e+03
2.280000000000000000e+03 1.827943852817912557e+03
2.290000000000000000e+03 1.827633572652723387e+03
2.300000000000000000e+03 1.827323292487534445e+03
2.310000000000000000e+03 1.827013012322345276e+03
2.320000000000000000e+03 1.827404047173874915e+03
2.330000000000000000e+03 1.827795082025404781e+03
2.340000000000000000e+03 1.828186116876934420e+03
2.350000000000000000e+03 1.829608327879089074e+03
2.360000000000000000e+03 1.831030538881243956e+03
2.370000000000000000e+03 1.832452749883398610e+03
2.380000000000000000e+03 1.834032153428237280e+03
2.390000000000000000e+03 1.835611556973075949e+03
2.400000000000000000e+03 1.837190960517914618e+03
2.410000000000000000e+03 1.838038284179930088e+03
2.420000000000000000e+03 1.838885607841945557e+03
2.430000000000000000e+03 1.839732931503961026e+03
2.440000000000000000e+03 1.840454583359313347e+03
2.450000000000000000e+03 1.841176235214665667e+03
2.460000000000000000e+03 1.841897887070017987e+03
2.470000000000000000e+03 1.843199288945394528e+03
2.480000000000000000e+03 1.844500690820771069e+03
2.490000000000000000e+03 1.845802092696147611e+03
2.500000000000000000e+03 1.847060584811259787e+03
2.510000000000000000e+03 1.848319076926372190e+03
2.520000000000000000e+03 1.849577569041484367e+03
2.530000000000000000e+03 1.849313788167896519e+03
2.540000000000000000e+03 1.849050007294308443e+03
2.550000000000000000e+03 1.848786226420720595e+03
2.560000000000000000e+03 1.847424227727218067e+03
2.570000000000000000e+03 1.846062229033715766e+03
2.580000000000000000e+03 1.844700230340213238e+03
2.590000000000000000e+03 1.843899532782738788e+03
2.600000000000000000e+03 1.843098835225264111e+03
2.610000000000000000e+03 1.842298137667789661e+03
2.620000000000000000e+03 1.841774671859127011e+03
2.630000000000000000e+03 1.841251206050464134e+03
2.640000000000000000e+03 1.840727740241801484e+03
2.650000000000000000e+03 1.840771452846779539e+03
2.660000000000000000e+03 1.840815165451757821e+03
2.670000000000000000e+03 1.840858878056735875e+03
2.680000000000000000e+03 1.840813553689369201e+03
2.690000000000000000e+03 1.840768229322002526e+03
2.700000000000000000e+03 1.840722904954635851e+03
2.710000000000000000e+03 1.841976878283409633e+03
2.720000000000000000e+03 1.843230851612183187e+03
2.730000000000000000e+03 1.844484824940956969e+03
2.740000000000000000e+03 1.846346444423157209e+03
2.750000000000000000e+03 1.848208063905357221e+03
2.760000000000000000e+03 1.850069683387557461e+03
2.770000000000000000e+03 1.852230958225052291e+03
2.780000000000000000e+03 1.854392233062547348e+03
2.790000000000000000e+03 1.856553507900042177e+03
2.800000000000000000e+03 1.858340184050428661e+03
2.810000000000000000e+03 1.860126860200815372e+03
2.820000000000000000e+03 1.861913536351201856e+03
2.830000000000000000e+03 1.864404496210812113e+03
2.840000000000000000e+03 1.866895456070422370e+03
2.850000000000000000e+03 1.869386415930032626e+03
2.860000000000000000e+03 1.871730712233899567e+03
2.870000000000000000e+03 1.874075008537766735e+03
2.880000000000000000e+03 1.876419304841633675e+03
2.890000000000000000e+03 1.877639270741880864e+03
2.900000000000000000e+03 1.878859236642128053e+03
2.910000000000000000e+03 1.880079202542375242e+03
2.920000000000000000e+03 1.881402786505935865e+03
2.930000000000000000e+03 1.882726370469496260e+03
2.940000000000000000e+03 1.884049954433056882e+03
2.950000000000000000e+03 1.885028391209095616e+03
2.960000000000000000e+03 1.886006827985134350e+03
2.970000000000000000e+03 1.886985264761173084e+03
2.980000000000000000e+03 1.887117692342474356e+03
2.990000000000000000e+03 1.887250119923775628e+03
3.000000000000000000e+03 1.887382547505076900e+03
3.010000000000000000e+03 1.887146160069064535e+03
3.020000000000000000e+03 1.886909772633052171e+03
3.030000000000000000e+03 1.886673385197039806e+03
3.040000000000000000e+03 1.886697332338266733e+03
3.050000000000000000e+03 1.886721279479493660e+03
3.060000000000000000e+03 1.886745226620720587e+03
3.070000000000000000e+03 1.886921063366473163e+03
3.080000000000000000e+03 1.887096900112225967e+03
3.090000000000000000e+03 1.887272736857978543e+03
3.100000000000000000e+03 1.887227815008330253e+03
3.110000000000000000e+03 1.887182893158681964e+03
3.120000000000000000e+03 1.887137971309033674e+03
3.130000000000000000e+03 1.887334618312215071e+03
3.140000000000000000e+03 1.887531265315396240e+03
3.150000000000000000e+03 1.887727912318577637e+03
3.160000000000000000e+03 1.887313552989655136e+03
3.170000000000000000e+03 1.886899193660732863e+03
3.180000000000000000e+03 1.886484834331810362e+03
3.190000000000000000e+03 1.886193049119799753e+03
3.200000000000000000e+03 1.885901263907788916e+03
3.210000000000000000e+03 1.885609478695778307e+03
3.220000000000000000e+03 1.885385654068986469e+03
3.230000000000000000e+03 1.885161829442194858e+03
3.240000000000000000e+03 1.884938004815403019e+03
3.250000000000000000e+03 1.884751677943116647e+03
3.260000000000000000e+03 1.884565351070830502e+03
3.270000000000000000e+03 1.884379024198544130e+03
3.280000000000000000e+03 1.883942476298313295e+03
3.290000000000000000e+03 1.883505928398082233e+03
3.300000000000000000e+03 1.883069380497851398e+03
3.310000000000000000e+03 1.883240396776797525e+03
3.320000000000000000e+03 1.883411413055743424e+03
3.330000000000000000e+03 1.883582429334689550e+03
3.340000000000000000e+03 1.884113827426543367e+03
3.350000000000000000e+03 1.884645225518397183e+03
3.360000000000000000e+03 1.885176623610250999e+03
3.370000000000000000e+03 1.885879684916853421e+03
3.380000000000000000e+03 1.886582746223455842e+03
3.390000000000000000e+03 1.887285807530058264e+03
3.400000000000000000e+03 1.888298139822479015e+03
3.410000000000000000e+03 1.889310472114899540e+03
3.420000000000000000e+03 1.890322804407320291e+03
3.430000000000000000e+03 1.892314200345163044e+03
3.440000000000000000e+03 1.894305596283006025e+03
3.450000000000000000e+03 1.896296992220848779e+03
3.460000000000000000e+03 1.898006174401254839e+03
3.470000000000000000e+03 1.899715356581660672e+03
3.480000000000000000e+03 1.901424538762066732e+03
3.490000000000000000e+03 1.902574183233855365e+03
3.500000000000000000e+03 1.903723827705643771e+03
3.510000000000000000e+03 1.904873472177432404e+03
3.520000000000000000e+03 1.906196856434058645e+03
3.530000000000000000e+03 1.907520240690684886e+03
3.540000000000000000e+03 1.908843624947311127e+03
3.550000000000000000e+03 1.909510056057843030e+03
3.560000000000000000e+03 1.910176487168374933e+03
3.570000000000000000e+03 1.910842918278906836e+03
3.580000000000000000e+03 1.910773228065753301e+03
3.590000000000000000e+03 1.910703537852599766e+03
3.600000000000000000e+03 1.910633847639446230e+03
3.610000000000000000e+03 1.910349685112477346e+03
3.620000000000000000e+03 1.910065522585508461e+03
3.630000000000000000e+03 1.909781360058539576e+03
3.640000000000000000e+03 1.909040725609278297e+03
3.650000000000000000e+03 1.908300091160016791e+03
3.660000000000000000e+03 1.907559456710755512e+03
3.670000000000000000e+03 1.906724538641250774e+03
3.680000000000000000e+03 1.905889620571746264e+03
3.690000000000000000e+03 1.905054702502241526e+03
3.700000000000000000e+03 1.903643463258708607e+03
3.710000000000000000e+03 1.902232224015175461e+03
3.720000000000000000e+03 1.900820984771642543e+03
3.730000000000000000e+03 1.899689411398810762e+03
3.740000000000000000e+03 1.898557838025978981e+03
3.750000000000000000e+03 1.897426264653147200e+03
3.760000000000000000e+03 1.896153564092929173e+03
3.770000000000000000e+03 1.894880863532711373e+03
3.780000000000000000e+03 1.893608162972493346e+03
3.790000000000000000e+03 1.892459849073136184e+03
3.800000000000000000e+03 1.891311535173778793e+03
3.810000000000000000e+03 1.890163221274421630e+03
3.820000000000000000e+03 1.889287419277891559e+03
3.830000000000000000e+03 1.888411617281361714e+03
3.840000000000000000e+03 1.887535815284831642e+03
3.850000000000000000e+03 1.886992253568522074e+03
3.860000000000000000e+03 1.886448691852212733e+03
3.870000000000000000e+03 1.885905130135903164e+03
3.880000000000000000e+03 1.885422607468253545e+03
3.890000000000000000e+03 1.884940084800603699e+03
3.900000000000000000e+03 1.884457562132954081e+03
3.910000000000000000e+03 1.883869258781365033e+03
3.920000000000000000e+03 1.883280955429775986e+03
3.930000000000000000e+03 1.882692652078186939e+03
3.940000000000000000e+03 1.882208450248879672e+03
3.950000000000000000e+03 1.881724248419572405e+03
3.960000000000000000e+03 1.881240046590265138e+03
3.970000000000000000e+03 1.880656105831289096e+03
3.980000000000000000e+03 1.880072165072312828e+03
3.990000000000000000e+03 1.879488224313336787e+03
4.000000000000000000e+03 1.879270565753962501e+03
4.010000000000000000e+03 1.879052907194587988e+03
4.020000000000000000e+03 1.878835248635213702e+03
4.030000000000000000e+03 1.879128756441810538e+03
4.040000000000000000e+03 1.879422264248407600e+03
4.050000000000000000e+03 1.879715772055004436e+03
4.060000000000000000e+03 1.879969230591482074e+03
4.070000000000000000e+03 1.880222689127959939e+03
4.080000000000000000e+03 1.880476147664437576e+03
4.090000000000000000e+03 1.881067617014731695e+03
4.100000000000000000e+03 1.881659086365025814e+03
4.110000000000000000e+03 1.882250555715319933e+03
4.120000000000000000e+03 1.883345994998525612e+03
4.130000000000000000e+03 1.884441434281731517e+03
4.140000000000000000e+03 1.885536873564937196e+03
4.150000000000000000e+03 1.886882844044178228e+03
4.160000000000000000e+03 1.888228814523419032e+03
4.170000000000000000e+03 1.889574785002660064e+03
4.180000000000000000e+03 1.891479124973348007e+03
4.190000000000000000e+03 1.893383464944035723e+03
4.200000000000000000e+03 1.895287804914723665e+03
4.210000000000000000e+03 1.897484101581763525e+03
4.220000000000000000e+03 1.899680398248803158e+03
4.230000000000000000e+03 1.901876694915843018e+03
4.240000000000000000e+03 1.904052461346577502e+03
4.250000000000000000e+03 1.906228227777312213e+03
4.260000000000000000e+03 1.908403994208046697e+03
4.270000000000000000e+03 1.910539361977104363e+03
4.280000000000000000e+03 1.912674729746162029e+03
4.290000000000000000e+03 1.914810097515219695e+03
4.300000000000000000e+03 1.916335870481191023e+03
4.310000000000000000e+03 1.917861643447162578e+03
4.320000000000000000e+03 1.919387416413133906e+03
4.330000000000000000e+03 1.920404617158249721e+03
4.340000000000000000e+03 1.921421817903365309e+03
4.350000000000000000e+03 1.922439018648481124e+03
4.360000000000000000e+03 1.922705856114526114e+03
4.370000000000000000e+03 1.922972693580570876e+03
4.380000000000000000e+03 1.923239531046615866e+03
4.390000000000000000e+03 1.923006100778771042e+03
4.400000000000000000e+03 1.922772670510926218e+03
4.410000000000000000e+03 1.922539240243081395e+03
4.420000000000000000e+03 1.921788922911598775e+03
4.430000000000000000e+03 1.921038605580115927e+03
4.440000000000000000e+03 1.920288288248633307e+03
4.450000000000000000e+03 1.919471559814509646e+03
4.460000000000000000e+03 1.918654831380386213e+03
4.470000000000000000e+03 1.917838102946262552e+03
4.480000000000000000e+03 1.917094961999260249e+03
4.490000000000000000e+03 1.916351821052257947e+03
4.500000000000000000e+03 1.915608680105255644e+03
4.510000000000000000e+03 1.914901405705378238e+03
4.520000000000000000e+03 1.914194131305500605e+03
4.530000000000000000e+03 1.913486856905623199e+03
4.540000000000000000e+03 1.913112112772303590e+03
4.550000000000000000e+03 1.912737368638983980e+03
4.560000000000000000e+03 1.912362624505664371e+03
4.570000000000000000e+03 1.912073252955704675e+03
4.580000000000000000e+03 1.911783881405744978e+03
4.590000000000000000e+03 1.911494509855785282e+03
4.600000000000000000e+03 1.911462566450339409e+03
4.610000000000000000e+03 1.911430623044893309e+03
4.620000000000000000e+03 1.911398679639447437e+03
4.630000000000000000e+03 1.911736788783209249e+03
4.640000000000000000e+03 1.912074897926971062e+03
4.650000000000000000e+03 1.912413007070732874e+03
4.660000000000000000e+03 1.912830738199068492e+03
4.670000000000000000e+03 1.913248469327404337e+03
4.680000000000000000e+03 1.913666200455739954e+03
4.690000000000000000e+03 1.914060361023530504e+03
4.700000000000000000e+03 1.914454521591321281e+03
4.710000000000000000e+03 1.914848682159111831e+03
4.720000000000000000e+03 1.915207128895952110e+03
4.730000000000000000e+03 1.915565575632792616e+03
4.740000000000000000e+03 1.915924022369632894e+03
4.750000000000000000e+03 1.916226334793972228e+03
4.760000000000000000e+03 1.916528647218311335e+03
4.770000000000000000e+03 1.916830959642650669e+03
4.780000000000000000e+03 1.917171868201730604e+03
4.790000000000000000e+03 1.917512776760810766e+03
4.800000000000000000e+03 1.917853685319890701e+03
4.810000000000000000e+03 1.918303540934064586e+03
4.820000000000000000e+03 1.918753396548238470e+03
4.830000000000000000e+03 1.919203252162412355e+03
4.840000000000000000e+03 1.919789380861379641e+03
4.850000000000000000e+03 1.920375509560346700e+03
4.860000000000000000e+03 1.920961638259313986e+03
4.870000000000000000e+03 1.921650083072687266e+03
4.880000000000000000e+03 1.922338527886060774e+03
4.890000000000000000e+03 1.923026972699434054e+03
4.900000000000000000e+03 1.923748772909702666e+03
4.910000000000000000e+03 1.924470573119971277e+03
4.920000000000000000e+03 1.925192373330239889e+03
4.930000000000000000e+03 1.926005037941166393e+03
4.940000000000000000e+03 1.926817702552092896e+03
4.950000000000000000e+03 1.927630367163019400e+03
4.960000000000000000e+03 1.928457737152083610e+03
4.970000000000000000e+03 1.929285107141147591e+03
4.980000000000000000e+03 1.930112477130211801e+03
4.990000000000000000e+03 1.930947921400703990e+03
5.000000000000000000e+03 1.931783365671195952e+03
5.010000000000000000e+03 1.932618809941688141e+03
5.020000000000000000e+03 1.933349146600450013e+03
5.030000000000000000e+03 1.934079483259211656e+03
5.040000000000000000e+03 1.934809819917973527e+03
5.050000000000000000e+03 1.935374813762760368e+03
5.060000000000000000e+03 1.935939807607547436e+03
5.070000000000000000e+03 1.936504801452334277e+03
5.080000000000000000e+03 1.937071818075648707e+03
5.090000000000000000e+03 1.937638834698962910e+03
5.100000000000000000e+03 1.938205851322277340e+03
5.110000000000000000e+03 1.938747017923423755e+03
5.120000000000000000e+03 1.939288184524570170e+03
5.130000000000000000e+03 1.939829351125716585e+03
5.140000000000000000e+03 1.940428643451856033e+03
5.150000000000000000e+03 1.941027935777995708e+03
5.160000000000000000e+03 1.941627228104135156e+03
5.170000000000000000e+03 1.942154567770179256e+03
5.180000000000000000e+03 1.942681907436223582e+03
5.190000000000000000e+03 1.943209247102267682e+03
5.200000000000000000e+03 1.943749184063849270e+03
5.210000000000000000e+03 1.944289121025430632e+03
5.220000000000000000e+03 1.944829057987012220e+03
5.230000000000000000e+03 1.945477878374295869e+03
5.240000000000000000e+03 1.946126698761579291e+03
5.250000000000000000e+03 1.946775519148862941e+03
5.260000000000000000e+03 1.947384353080099118e+03
5.270000000000000000e+03 1.947993187011335294e+03
5.280000000000000000e+03 1.948602020942571471e+03
5.290000000000000000e+03 1.949223189325966814e+03
5.300000000000000000e+03 1.949844357709362384e+03
5.310000000000000000e+03 1.950465526092757727e+03
5.320000000000000000e+03 1.951107406305515951e+03
5.330000000000000000e+03 1.951749286518274403e+03
5.340000000000000000e+03 1.952391166731032627e+03
5.350000000000000000e+03 1.953014934516871108e+03
5.360000000000000000e+03 1.953638702302709817e+03
5.370000000000000000e+03 1.954262470088548298e+03
5.380000000000000000e+03 1.954824165099276115e+03
5.390000000000000000e+03 1.955385860110003705e+03
5.400000000000000000e+03 1.955947555120731522e+03
5.410000000000000000e+03 1.956402489394166878e+03
5.420000000000000000e+03 1.956857423667602461e+03
5.430000000000000000e+03 1.957312357941037817e+03
5.440000000000000000e+03 1.957610665581367130e+03
5.450000000000000000e+03 1.957908973221696215e+03
5.460000000000000000e+03 1.958207280862025527e+03
5.470000000000000000e+03 1.958313310029694776e+03
5.480000000000000000e+03 1.958419339197364252e+03
5.490000000000000000e+03 1.958525368365033501e+03
5.500000000000000000e+03 1.958421133087072121e+03
5.510000000000000000e+03 1.958316897809110742e+03
5.520000000000000000e+03 1.958212662531149363e+03
5.530000000000000000e+03 1.957978137783303509e+03
5.540000000000000000e+03 1.957743613035457884e+03
5.550000000000000000e+03 1.957509088287612030e+03
5.560000000000000000e+03 1.957194129981389551e+03
5.570000000000000000e+03 1.956879171675166845e+03
5.580000000000000000e+03 1.956564213368944365e+03
5.590000000000000000e+03 1.956261584341276148e+03
5.600000000000000000e+03 1.955958955313607930e+03
5.610000000000000000e+03 1.955656326285939713e+03
5.620000000000000000e+03 1.955291795416808782e+03
5.630000000000000000e+03 1.954927264547677851e+03
5.640000000000000000e+03 1.954562733678546920e+03
5.650000000000000000e+03 1.954088076492459550e+03
5.660000000000000000e+03 1.953613419306372407e+03
5.670000000000000000e+03 1.953138762120285037e+03
5.680000000000000000e+03 1.952722435775562644e+03
5.690000000000000000e+03 1.952306109430840024e+03
5.700000000000000000e+03 1.951889783086117632e+03
5.710000000000000000e+03 1.951533160445732392e+03
5.720000000000000000e+03 1.951176537805347152e+03
5.730000000000000000e+03 1.950819915164961913e+03
5.740000000000000000e+03 1.950642746420359344e+03
5.750000000000000000e+03 1.950465577675756549e+03
5.760000000000000000e+03 1.950288408931153981e+03
5.770000000000000000e+03 1.950211396590444565e+03
5.780000000000000000e+03 1.950134384249735376e+03
5.790000000000000000e+03 1.950057371909025960e+03
5.800000000000000000e+03 1.950048964272493777e+03
5.810000000000000000e+03 1.950040556635961366e+03
5.820000000000000000e+03 1.950032148999429182e+03
5.830000000000000000e+03 1.950200674338850149e+03
5.840000000000000000e+03 1.950369199678270888e+03
5.850000000000000000e+03 1.950537725017691855e+03
5.860000000000000000e+03 1.950891719503943250e+03
5.870000000000000000e+03 1.951245713990194872e+03
5.880000000000000000e+03 1.951599708476446267e+03
5.890000000000000000e+03 1.952017615251167626e+03
5.900000000000000000e+03 1.952435522025889213e+03
5.910000000000000000e+03 1.952853428800610573e+03
5.920000000000000000e+03 1.953305503346014120e+03
5.930000000000000000e+03 1.953757577891417441e+03
5.940000000000000000e+03 1.954209652436820988e+03
5.950000000000000000e+03 1.954734864061981170e+03
5.960000000000000000e+03 1.955260075687141352e+03
5.970000000000000000e+03 1.955785287312301534e+03
5.980000000000000000e+03 1.956385640916450029e+03
5.990000000000000000e+03 1.956985994520598524e+03
6.000000000000000000e+03 1.957586348124747019e+03
6.010000000000000000e+03 1.958346622636528309e+03
6.020000000000000000e+03 1.959106897148309599e+03
6.030000000000000000e+03 1.959867171660090889e+03
6.040000000000000000e+03 1.960492038139617080e+03
6.050000000000000000e+03 1.961116904619143497e+03
6.060000000000000000e+03 1.961741771098669687e+03
6.070000000000000000e+03 1.962467070855232350e+03
6.080000000000000000e+03 1.963192370611794786e+03
6.090000000000000000e+03 1.963917670368357449e+03
6.100000000000000000e+03 1.964720998302612543e+03
6.110000000000000000e+03 1.965524326236867864e+03
6.120000000000000000e+03 1.966327654171122958e+03
6.130000000000000000e+03 1.967162675939948485e+03
6.140000000000000000e+03 1.967997697708773785e+03
6.150000000000000000e+03 1.968832719477599312e+03
6.160000000000000000e+03 1.969630791718441515e+03
6.170000000000000000e+03 1.970428863959283944e+03
6.180000000000000000e+03 1.971226936200126147e+03
6.190000000000000000e+03 1.971982746365474441e+03
6.200000000000000000e+03 1.972738556530822962e+03
6.210000000000000000e+03 1.973494366696171255e+03
6.220000000000000000e+03 1.974081161199731923e+03
6.230000000000000000e+03 1.974667955703292364e+03
6.240000000000000000e+03 1.975254750206853032e+03
6.250000000000000000e+03 1.975880071080830930e+03
6.260000000000000000e+03 1.976505391954809056e+03
6.270000000000000000e+03 1.977130712828786955e+03
6.280000000000000000e+03 1.977498574588921656e+03
6.290000000000000000e+03 1.977866436349056585e+03
6.300000000000000000e+03 1.978234298109191286e+03
6.310000000000000000e+03 1.978313852658815904e+03
6.320000000000000000e+03 1.978393407208440749e+03
6.330000000000000000e+03 1.978472961758065367e+03
6.340000000000000000e+03 1.978309544227240849e+03
6.350000000000000000e+03 1.978146126696416559e+03
6.360000000000000000e+03 1.977982709165592041e+03
6.370000000000000000e+03 1.977628151380977897e+03
6.380000000000000000e+03 1.977273593596363526e+03
6.390000000000000000e+03 1.976919035811749382e+03
6.400000000000000000e+03 1.976380504868810931e+03
6.410000000000000000e+03 1.975841973925872708e+03
6.420000000000000000e+03 1.975303442982934257e+03
6.430000000000000000e+03 1.974945656373649626e+03
6.440000000000000000e+03 1.974587869764365223e+03
6.450000000000000000e+03 1.974230083155080592e+03
6.460000000000000000e+03 1.974098870651195966e+03
6.470000000000000000e+03 1.973967658147311568e+03
6.480000000000000000e+03 1.973836445643426941e+03
6.490000000000000000e+03 1.973774083900111464e+03
6.500000000000000000e+03 1.973711722156796213e+03
6.510000000000000000e+03 1.973649360413480736e+03
6.520000000000000000e+03 1.973663839579114438e+03
6.530000000000000000e+03 1.973678318744748367e+03
6.540000000000000000e+03 1.973692797910382069e+03
6.550000000000000000e+03 1.973681190284905597e+03
6.560000000000000000e+03 1.973669582659429352e+03
6.570000000000000000e+03 1.973657975033952880e+03
6.580000000000000000e+03 1.973868277595874133e+03
6.590000000000000000e+03 1.974078580157795386e+03
6.600000000000000000e+03 1.974288882719716639e+03
6.610000000000000000e+03 1.974737508366945804e+03
6.620000000000000000e+03 1.975186134014174968e+03
6.630000000000000000e+03 1.975634759661404132e+03
6.640000000000000000e+03 1.976075166172844547e+03
6.650000000000000000e+03 1.976515572684284734e+03
6.660000000000000000e+03 1.976955979195725149e+03
6.670000000000000000e+03 1.977636351706816868e+03
6.680000000000000000e+03 1.978316724217908359e+03
6.690000000000000000e+03 1.978997096729000077e+03
6.700000000000000000e+03 1.979914450749590742e+03
6.710000000000000000e+03 1.980831804770181179e+03
6.720000000000000000e+03 1.981749158790771844e+03
6.730000000000000000e+03 1.982750862015167968e+03
6.740000000000000000e+03 1.983752565239564319e+03
6.750000000000000000e+03 1.984754268463960443e+03
6.760000000000000000e+03 1.985969000734982956e+03
6.770000000000000000e+03 1.987183733006005468e+03
6.780000000000000000e+03 1.988398465277027981e+03
6.790000000000000000e+03 1.989747786709623369e+03
6.800000000000000000e+03 1.991097108142218531e+03
6.810000000000000000e+03 1.992446429574813919e+03
6.820000000000000000e+03 1.993848993507391015e+03
6.830000000000000000e+03 1.995251557439968110e+03
6.840000000000000000e+03 1.996654121372545205e+03
6.850000000000000000e+03 1.998354289589188511e+03
6.860000000000000000e+03 2.000054457805831817e+03
6.870000000000000000e+03 2.001754626022475122e+03
6.880000000000000000e+03 2.003430104519413590e+03
6.890000000000000000e+03 2.005105583016351829e+03
6.900000000000000000e+03 2.006781061513290297e+03
6.910000000000000000e+03 2.008335259848175610e+03
6.920000000000000000e+03 2.009889458183061151e+03
6.930000000000000000e+03 2.011443656517946465e+03
6.940000000000000000e+03 2.012927161809319159e+03
6.950000000000000000e+03 2.014410667100691626e+03
6.960000000000000000e+03 2.015894172392064320e+03
6.970000000000000000e+03 2.017249695008740900e+03
6.980000000000000000e+03 2.018605217625417254e+03
6.990000000000000000e+03 2.019960740242093834e+03
7.000000000000000000e+03 2.021087965693535352e+03
7.010000000000000000e+03 2.022215191144976870e+03
7.020000000000000000e+03 2.023342416596418389e+03
7.030000000000000000e+03 2.024647290884049880e+03
7.040000000000000000e+03 2.025952165171681145e+03
7.050000000000000000e+03 2.027257039459312637e+03
7.060000000000000000e+03 2.028617812040409262e+03
7.070000000000000000e+03 2.029978584621505888e+03
7.080000000000000000e+03 2.031339357202602514e+03
7.090000000000000000e+03 2.032728916327658226e+03
7.100000000000000000e+03 2.034118475452713938e+03
7.110000000000000000e+03 2.035508034577769649e+03
7.120000000000000000e+03 2.037060920694784045e+03
7.130000000000000000e+03 2.038613806811798213e+03
7.140000000000000000e+03 2.040166692928812608e+03
7.150000000000000000e+03 2.041714298576856436e+03
7.160000000000000000e+03 2.043261904224900491e+03
7.170000000000000000e+03 2.044809509872944318e+03
7.180000000000000000e+03 2.046691994806923731e+03
7.190000000000000000e+03 2.048574479740902916e+03
7.200000000000000000e+03 2.050456964674882329e+03
7.210000000000000000e+03 2.052388031658533691e+03
7.220000000000000000e+03 2.054319098642185054e+03
7.230000000000000000e+03 2.056250165625836416e+03
7.240000000000000000e+03 2.058324945335746634e+03
7.250000000000000000e+03 2.060399725045656851e+03
7.260000000000000000e+03 2.062474504755567068e+03
7.270000000000000000e+03 2.064491352401843415e+03
7.280000000000000000e+03 2.066508200048120216e+03
7.290000000000000000e+03 2.068525047694396562e+03
7.300000000000000000e+03 2.070414483915666551e+03
7.310000000000000000e+03 2.072303920136936085e+03
7.320000000000000000e+03 2.074193356358206074e+03
7.330000000000000000e+03 2.075912954038635689e+03
7.340000000000000000e+03 2.077632551719064850e+03
7.350000000000000000e+03 2.079352149399494465e+03
7.360000000000000000e+03 2.080977927549085962e+03
7.370000000000000000e+03 2.082603705698677459e+03
7.380000000000000000e+03 2.084229483848268956e+03
7.390000000000000000e+03 2.085763776822532236e+03
7.400000000000000000e+03 2.087298069796795971e+03
7.410000000000000000e+03 2.088832362771059252e+03
7.420000000000000000e+03 2.090157541335538554e+03
7.430000000000000000e+03 2.091482719900017401e+03
7.440000000000000000e+03 2.092807898464496702e+03
7.450000000000000000e+03 2.094045922841106858e+03
7.460000000000000000e+03 2.095283947217716559e+03
7.470000000000000000e+03 2.096521971594326715e+03
7.480000000000000000e+03 2.097626769329664967e+03
7.490000000000000000e+03 2.098731567065003674e+03
7.500000000000000000e+03 2.099836364800341926e+03
7.510000000000000000e+03 2.100734349099762312e+03
7.520000000000000000e+03 2.101632333399182244e+03
7.530000000000000000e+03 2.102530317698602630e+03
7.540000000000000000e+03 2.103475246793174847e+03
7.550000000000000000e+03 2.104420175887747064e+03
7.560000000000000000e+03 2.105365104982319281e+03
7.570000000000000000e+03 2.106240246819212643e+03
7.580000000000000000e+03 2.107115388656106006e+03
7.590000000000000000e+03 2.107990530492999369e+03
7.600000000000000000e+03 2.108960683296682873e+03
7.610000000000000000e+03 2.109930836100366378e+03
7.620000000000000000e+03 2.110900988904049882e+03
7.630000000000000000e+03 2.111924638546569895e+03
7.640000000000000000e+03 2.112948288189090363e+03
7.650000000000000000e+03 2.113971937831610376e+03
7.660000000000000000e+03 2.115033420852395921e+03
7.670000000000000000e+03 2.116094903873181011e+03
7.680000000000000000e+03 2.117156386893966555e+03
7.690000000000000000e+03 2.118122515511370239e+03
7.700000000000000000e+03 2.119088644128773467e+03
7.710000000000000000e+03 2.120054772746177150e+03
7.720000000000000000e+03 2.120978688609628989e+03
7.730000000000000000e+03 2.121902604473081283e+03
7.740000000000000000e+03 2.122826520336533122e+03
7.750000000000000000e+03 2.123821380984596090e+03
7.760000000000000000e+03 2.124816241632658603e+03
7.770000000000000000e+03 2.125811102280721570e+03
7.780000000000000000e+03 2.126963806063535230e+03
7.790000000000000000e+03 2.128116509846348436e+03
7.800000000000000000e+03 2.129269213629162095e+03
7.810000000000000000e+03 2.130509521119121018e+03
7.820000000000000000e+03 2.131749828609079941e+03
7.830000000000000000e+03 2.132990136099038864e+03
7.840000000000000000e+03 2.134274647497856677e+03
7.850000000000000000e+03 2.135559158896674944e+03
7.860000000000000000e+03 2.136843670295492757e+03
7.870000000000000000e+03 2.138107436453726677e+03
7.880000000000000000e+03 2.139371202611960143e+03
7.890000000000000000e+03 2.140634968770194064e+03
7.900000000000000000e+03 2.141766561156101488e+03
7.910000000000000000e+03 2.142898153542009368e+03
7.920000000000000000e+03 2.144029745927916792e+03
7.930000000000000000e+03 2.145095194490466383e+03
7.940000000000000000e+03 2.146160643053015519e+03
7.950000000000000000e+03 2.147226091615565110e+03
7.960000000000000000e+03 2.148037883616045747e+03
7.970000000000000000e+03 2.148849675616526838e+03
7.980000000000000000e+03 2.149661467617007474e+03
7.990000000000000000e+03 2.150403225756323536e+03
8.000000000000000000e+03 2.151144983895639598e+03
8.010000000000000000e+03 2.151886742034955660e+03
8.020000000000000000e+03 2.152403491720607690e+03
8.030000000000000000e+03 2.152920241406259720e+03
8.040000000000000000e+03 2.153436991091911750e+03
8.050000000000000000e+03 2.153812944795403837e+03
8.060000000000000000e+03 2.154188898498895469e+03
8.070000000000000000e+03 2.154564852202387556e+03
8.080000000000000000e+03 2.154748880200296298e+03
8.090000000000000000e+03 2.154932908198205496e+03
8.100000000000000000e+03 2.155116936196114239e+03
8.110000000000000000e+03 2.155315033991215842e+03
8.120000000000000000e+03 2.155513131786316990e+03
8.130000000000000000e+03 2.155711229581418593e+03
8.140000000000000000e+03 2.155974196646507153e+03
8.150000000000000000e+03 2.156237163711595713e+03
8.160000000000000000e+03 2.156500130776684273e+03
8.170000000000000000e+03 2.156763879434801765e+03
8.180000000000000000e+03 2.157027628092919258e+03
8.190000000000000000e+03 2.157291376751036751e+03
8.200000000000000000e+03 2.157789623053946343e+03
8.210000000000000000e+03 2.158287869356856390e+03
8.220000000000000000e+03 2.158786115659765983e+03
8.230000000000000000e+03 2.159305385106272297e+03
8.240000000000000000e+03 2.159824654552778611e+03
8.250000000000000000e+03 2.160343923999284925e+03
8.260000000000000000e+03 2.161076796026724423e+03
8.270000000000000000e+03 2.161809668054163467e+03
8.280000000000000000e+03 2.162542540081602965e+03
8.290000000000000000e+03 2.163234626272217611e+03
8.300000000000000000e+03 2.163926712462832711e+03
8.310000000000000000e+03 2.164618798653447357e+03
8.320000000000000000e+03 2.165170112540611626e+03
8.330000000000000000e+03 2.165721426427775441e+03
8.340000000000000000e+03 2.166272740314939711e+03
8.350000000000000000e+03 2.166933321702233570e+03
8.360000000000000000e+03 2.167593903089526975e+03
8.370000000000000000e+03 2.168254484476820835e+03
8.380000000000000000e+03 2.168980721907933912e+03
8.390000000000000000e+03 2.169706959339046989e+03
8.400000000000000000e+03 2.170433196770160066e+03
8.410000000000000000e+03 2.171161406985345366e+03
8.420000000000000000e+03 2.171889617200530665e+03
8.430000000000000000e+03 2.172617827415715965e+03
8.440000000000000000e+03 2.173387968894432106e+03
8.450000000000000000e+03 2.174158110373147792e+03
8.460000000000000000e+03 2.174928251851863934e+03
8.470000000000000000e+03 2.175652893580202544e+03
8.480000000000000000e+03 2.176377535308541610e+03
8.490000000000000000e+03 2.177102177036880221e+03
8.500000000000000000e+03 2.178039041097255904e+03
8.510000000000000000e+03 2.178975905157632042e+03
8.520000000000000000e+03 2.179912769218007725e+03
8.530000000000000000e+03 2.180922917743905600e+03
8.540000000000000000e+03 2.181933066269803930e+03
8.550000000000000000e+03 2.182943214795701806e+03
8.560000000000000000e+03 2.183889907722370936e+03
8.570000000000000000e+03 2.184836600649040520e+03
8.580000000000000000e+03 2.185783293575709649e+03
8.590000000000000000e+03 2.187263442963436319e+03
8.600000000000000000e+03 2.188743592351163443e+03
8.610000000000000000e+03 2.190223741738890112e+03
8.620000000000000000e+03 2.192027114159572648e+03
8.630000000000000000e+03 2.193830486580255183e+03
8.640000000000000000e+03 2.195633859000937719e+03
8.650000000000000000e+03 2.197705487102619827e+03
8.660000000000000000e+03 2.199777115204301936e+03
8.670000000000000000e+03 2.201848743305984044e+03
8.680000000000000000e+03 2.204311864877193329e+03
8.690000000000000000e+03 2.206774986448403070e+03
8.700000000000000000e+03 2.209238108019612355e+03
8.710000000000000000e+03 2.212284232690426961e+03
8.720000000000000000e+03 2.215330357361241113e+03
8.730000000000000000e+03 2.218376482032055719e+03
8.740000000000000000e+03 2.221818344196505222e+03
8.750000000000000000e+03 2.225260206360954271e+03
8.760000000000000000e+03 2.228702068525403774e+03
8.770000000000000000e+03 2.232501996621370836e+03
8.780000000000000000e+03 2.236301924717337442e+03
8.790000000000000000e+03 2.240101852813304504e+03
8.800000000000000000e+03 2.244088039602492245e+03
8.810000000000000000e+03 2.248074226391679986e+03
8.820000000000000000e+03 2.252060413180867727e+03
8.830000000000000000e+03 2.255953960543003177e+03
8.840000000000000000e+03 2.259847507905138173e+03
8.850000000000000000e+03 2.263741055267273623e+03
8.860000000000000000e+03 2.267336763851628348e+03
8.870000000000000000e+03 2.270932472435983527e+03
8.880000000000000000e+03 2.274528181020338252e+03
8.890000000000000000e+03 2.277455485815564316e+03
8.900000000000000000e+03 2.280382790610790380e+03
8.910000000000000000e+03 2.283310095406016444e+03
8.920000000000000000e+03 2.285446610814255109e+03
8.930000000000000000e+03 2.287583126222494229e+03
8.940000000000000000e+03 2.289719641630732895e+03
8.950000000000000000e+03 2.291044587728843453e+03
8.960000000000000000e+03 2.292369533826954012e+03
8.970000000000000000e+03 2.293694479925064570e+03
8.980000000000000000e+03 2.294260365384922352e+03
8.990000000000000000e+03 2.294826250844780134e+03
9.000000000000000000e+03 2.295392136304637916e+03
9.010000000000000000e+03 2.295282811789693824e+03
9.020000000000000000e+03 2.295173487274749277e+03
9.030000000000000000e+03 2.295064162759805185e+03
9.040000000000000000e+03 2.294685456865083324e+03
9.050000000000000000e+03 2.294306750970361918e+03
9.060000000000000000e+03 2.293928045075640057e+03
9.070000000000000000e+03 2.293489792490790933e+03
9.080000000000000000e+03 2.293051539905942263e+03
9.090000000000000000e+03 2.292613287321093139e+03
9.100000000000000000e+03 2.292561011447660803e+03
9.110000000000000000e+03 2.292508735574228922e+03
9.120000000000000000e+03 2.292456459700796586e+03
9.130000000000000000e+03 2.292604094062348395e+03
9.140000000000000000e+03 2.292751728423899749e+03
9.150000000000000000e+03 2.292899362785451558e+03
9.160000000000000000e+03 2.293227315746348268e+03
9.170000000000000000e+03 2.293555268707244522e+03
9.180000000000000000e+03 2.293883221668141232e+03
9.190000000000000000e+03 2.295173615192674788e+03
9.200000000000000000e+03 2.296464008717208799e+03
9.210000000000000000e+03 2.297754402241742355e+03
9.220000000000000000e+03 2.299490225375342106e+03
9.230000000000000000e+03 2.301226048508941858e+03
9.240000000000000000e+03 2.302961871642541610e+03
9.250000000000000000e+03 2.305164409189577327e+03
9.260000000000000000e+03 2.307366946736612590e+03
9.270000000000000000e+03 2.309569484283648308e+03
9.280000000000000000e+03 2.312107657574630139e+03
9.290000000000000000e+03 2.314645830865611970e+03
9.300000000000000000e+03 2.317184004156593801e+03
9.310000000000000000e+03 2.319960147996474916e+03
9.320000000000000000e+03 2.322736291836356031e+03
9.330000000000000000e+03 2.325512435676237146e+03
9.340000000000000000e+03 2.328417580060307500e+03
9.350000000000000000e+03 2.331322724444378309e+03
9.360000000000000000e+03 2.334227868828448663e+03
9.370000000000000000e+03 2.337147290887216968e+03
9.380000000000000000e+03 2.340066712945985273e+03
9.390000000000000000e+03 2.342986135004753578e+03
9.400000000000000000e+03 2.345630435441557438e+03
9.410000000000000000e+03 2.348274735878361753e+03
9.420000000000000000e+03 2.350919036315165613e+03
9.430000000000000000e+03 2.353175805154171030e+03
9.440000000000000000e+03 2.355432573993175993e+03
9.450000000000000000e+03 2.357689342832181410e+03
9.460000000000000000e+03 2.359414081710363007e+03
9.470000000000000000e+03 2.361138820588544604e+03
9.480000000000000000e+03 2.362863559466726201e+03
9.490000000000000000e+03 2.363969329769653086e+03
9.500000000000000000e+03 2.365075100072579971e+03
9.510000000000000000e+03 2.366180870375506856e+03
9.520000000000000000e+03 2.366694927643060964e+03
9.530000000000000000e+03 2.367208984910614618e+03
9.540000000000000000e+03 2.367723042178168726e+03
9.550000000000000000e+03 2.367674269652049588e+03
9.560000000000000000e+03 2.367625497125929996e+03
9.570000000000000000e+03 2.367576724599810859e+03
9.580000000000000000e+03 2.367131916557574641e+03
9.590000000000000000e+03 2.366687108515337968e+03
9.600000000000000000e+03 2.366242300473101750e+03
9.610000000000000000e+03 2.365503874962782902e+03
9.620000000000000000e+03 2.364765449452463599e+03
9.630000000000000000e+03 2.364027023942144751e+03
9.640000000000000000e+03 2.363142376559835611e+03
9.650000000000000000e+03 2.362257729177526016e+03
9.660000000000000000e+03 2.361373081795216876e+03
9.670000000000000000e+03 2.360555310113237738e+03
9.680000000000000000e+03 2.359737538431259054e+03
9.690000000000000000e+03 2.358919766749279916e+03
9.700000000000000000e+03 2.358289746551752614e+03
9.710000000000000000e+03 2.357659726354225768e+03
9.720000000000000000e+03 2.357029706156698467e+03
9.730000000000000000e+03 2.356527577600488712e+03
9.740000000000000000e+03 2.356025449044279412e+03
9.750000000000000000e+03 2.355523320488069658e+03
9.760000000000000000e+03 2.355288210321649331e+03
9.770000000000000000e+03 2.355053100155228549e+03
9.780000000000000000e+03 2.354817989988808222e+03
9.790000000000000000e+03 2.355001875496314824e+03
9.800000000000000000e+03 2.355185761003821426e+03
9.810000000000000000e+03 2.355369646511328028e+03
9.820000000000000000e+03 2.355750492812099310e+03
9.830000000000000000e+03 2.356131339112871046e+03
9.840000000000000000e+03 2.356512185413642328e+03
9.850000000000000000e+03 2.357264331114733523e+03
9.860000000000000000e+03 2.358016476815824717e+03
9.870000000000000000e+03 2.358768622516915912e+03
9.880000000000000000e+03 2.359589770004800357e+03
9.890000000000000000e+03 2.360410917492685257e+03
9.900000000000000000e+03 2.361232064980569703e+03
9.910000000000000000e+03 2.362313378456599366e+03
9.920000000000000000e+03 2.363394691932628575e+03
9.930000000000000000e+03 2.364476005408658239e+03
9.940000000000000000e+03 2.365695333177620341e+03
9.950000000000000000e+03 2.366914660946582899e+03
9.960000000000000000e+03 2.368133988715545001e+03
9.970000000000000000e+03 2.369668893269202272e+03
9.980000000000000000e+03 2.371203797822859542e+03
9.990000000000000000e+03 2.372738702376516812e+03
1.000000000000000000e+04 2.374377476827228293e+03
1.001000000000000000e+04 2.376016251277939318e+03
1.002000000000000000e+04 2.377655025728650799e+03
1.003000000000000000e+04 2.379567585316494842e+03
1.004000000000000000e+04 2.381480144904338886e+03
1.005000000000000000e+04 2.383392704492182929e+03
1.006000000000000000e+04 2.385423167935558467e+03
1.007000000000000000e+04 2.387453631378934460e+03
1.008000000000000000e+04 2.389484094822309999e+03
1.009000000000000000e+04 2.391452847953387845e+03
1.010000000000000000e+04 2.393421601084465237e+03
1.011000000000000000e+04 2.395390354215543084e+03
1.012000000000000000e+04 2.397414894339666262e+03
1.013000000000000000e+04 2.399439434463789439e+03
1.014000000000000000e+04 2.401463974587912617e+03
1.015000000000000000e+04 2.403386025272011011e+03
1.016000000000000000e+04 2.405308075956109406e+03
1.017000000000000000e+04 2.407230126640207800e+03
1.018000000000000000e+04 2.409056434418260778e+03
1.019000000000000000e+04 2.410882742196313302e+03
1.020000000000000000e+04 2.412709049974366280e+03
1.021000000000000000e+04 2.414678470201873552e+03
1.022000000000000000e+04 2.416647890429380368e+03
1.023000000000000000e+04 2.418617310656887639e+03
1.024000000000000000e+04 2.420761259698575032e+03
1.025000000000000000e+04 2.422905208740262879e+03
1.026000000000000000e+04 2.425049157781950271e+03
1.027000000000000000e+04 2.426866775841669096e+03
1.028000000000000000e+04 2.428684393901387466e+03
1.029000000000000000e+04 2.430502011961106291e+03
1.030000000000000000e+04 2.432269000330841209e+03
1.031000000000000000e+04 2.434035988700576127e+03
1.032000000000000000e+04 2.435802977070311044e+03
1.033000000000000000e+04 2.437407092576191189e+03
1.034000000000000000e+04 2.439011208082070880e+03
1.035000000000000000e+04 2.440615323587951025e+03
1.036000000000000000e+04 2.442068829085140806e+03
1.037000000000000000e+04 2.443522334582331041e+03
1.038000000000000000e+04 2.444975840079520822e+03
1.039000000000000000e+04 2.446376419810571861e+03
1.040000000000000000e+04 2.447776999541622899e+03
1.041000000000000000e+04 2.449177579272673938e+03
1.042000000000000000e+04 2.450932281001493720e+03
1.043000000000000000e+04 2.452686982730313957e+03
1.044000000000000000e+04 2.454441684459133739e+03
1.045000000000000000e+04 2.455896400523502507e+03
1.046000000000000000e+04 2.457351116587871729e+03
1.047000000000000000e+04 2.458805832652240497e+03
1.048000000000000000e+04 2.459976845694944132e+03
1.049000000000000000e+04 2.461147858737647766e+03
1.050000000000000000e+04 2.462318871780351401e+03
1.051000000000000000e+04 2.464110191298762402e+03
1.052000000000000000e+04 2.465901510817173403e+03
1.053000000000000000e+04 2.467692830335584404e+03
1.054000000000000000e+04 2.469443057550101003e+03
1.055000000000000000e+04 2.471193284764617601e+03
1.056000000000000000e+04 2.472943511979134200e+03
1.057000000000000000e+04 2.475054270400108635e+03
1.058000000000000000e+04 2.477165028821082615e+03
1.059000000000000000e+04 2.479275787242057049e+03
1.060000000000000000e+04 2.482419371857903116e+03
1.061000000000000000e+04 2.485562956473749182e+03
1.062000000000000000e+04 2.488706541089595248e+03
1.063000000000000000e+04 2.492043851863041709e+03
1.064000000000000000e+04 2.495381162636488170e+03
1.065000000000000000e+04 2.498718473409934631e+03
1.066000000000000000e+04 2.502068823538407287e+03
1.067000000000000000e+04 2.505419173666880397e+03
1.068000000000000000e+04 2.508769523795353052e+03
1.069000000000000000e+04 2.512757042213444947e+03
1.070000000000000000e+04 2.516744560631537297e+03
1.071000000000000000e+04 2.520732079049629192e+03
1.072000000000000000e+04 2.525287731982458808e+03
1.073000000000000000e+04 2.529843384915288425e+03
1.074000000000000000e+04 2.534399037848118041e+03
1.075000000000000000e+04 2.539458829267084639e+03
1.076000000000000000e+04 2.544518620686051236e+03
1.077000000000000000e+04 2.549578412105017833e+03
1.078000000000000000e+04 2.555460710728323647e+03
1.079000000000000000e+04 2.561343009351629007e+03
1.080000000000000000e+04 2.567225307974934822e+03
1.081000000000000000e+04 2.574017665769578343e+03
1.082000000000000000e+04 2.580810023564221865e+03
1.083000000000000000e+04 2.587602381358865387e+03
1.084000000000000000e+04 2.595321255962094710e+03
1.085000000000000000e+04 2.603040130565324034e+03
1.086000000000000000e+04 2.610759005168553358e+03
1.087000000000000000e+04 2.619324467943592481e+03
1.088000000000000000e+04 2.627889930718631149e+03
1.089000000000000000e+04 2.636455393493670272e+03
1.090000000000000000e+04 2.645665837584698238e+03
1.091000000000000000e+04 2.654876281675726204e+03
1.092000000000000000e+04 2.664086725766754171e+03
1.093000000000000000e+04 2.673593574153886948e+03
1.094000000000000000e+04 2.683100422541019725e+03
1.095000000000000000e+04 2.692607270928152502e+03
1.096000000000000000e+04 2.701889684482423036e+03
1.097000000000000000e+04 2.711172098036693569e+03
1.098000000000000000e+04 2.720454511590964103e+03
1.099000000000000000e+04 2.728794097129302372e+03
1.100000000000000000e+04 2.737133682667640187e+03
1.101000000000000000e+04 2.745473268205978457e+03
1.102000000000000000e+04 2.751928786546191986e+03
1.103000000000000000e+04 2.758384304886405062e+03
