0.000000000000000000e+00 1.728427180571423605e+03
1.000000000000000000e+01 1.728340409181616678e+03
2.000000000000000000e+01 1.728253637791809751e+03
3.000000000000000000e+01 1.728166866402002825e+03
4.000000000000000000e+01 1.728360403490419003e+03
5.000000000000000000e+01 1.728553940578835181e+03
6.000000000000000000e+01 1.728747477667251360e+03
7.000000000000000000e+01 1.729114809995072619e+03
8.000000000000000000e+01 1.729482142322894106e+03
9.000000000000000000e+01 1.729849474650715365e+03
1.000000000000000000e+02 1.730307794942591272e+03
1.100000000000000000e+02 1.730766115234467406e+03
1.200000000000000000e+02 1.731224435526343314e+03
1.300000000000000000e+02 1.731712161352537805e+03
1.400000000000000000e+02 1.732199887178732070e+03
1.500000000000000000e+02 1.732687613004926561e+03
1.600000000000000000e+02 1.733161905663465177e+03
1.700000000000000000e+02 1.733636198322003565e+03
1.800000000000000000e+02 1.734110490980542181e+03
1.900000000000000000e+02 1.734544774379359524e+03
2.000000000000000000e+02 1.734979057778177093e+03
2.100000000000000000e+02 1.735413341176994436e+03
2.200000000000000000e+02 1.735794820716081631e+03
2.300000000000000000e+02 1.736176300255169053e+03
2.400000000000000000e+02 1.736557779794256248e+03
2.500000000000000000e+02 1.736884961247808178e+03
2.600000000000000000e+02 1.737212142701359880e+03
2.700000000000000000e+02 1.737539324154911810e+03
2.800000000000000000e+02 1.737819532552962073e+03
2.900000000000000000e+02 1.738099740951012109e+03
3.000000000000000000e+02 1.738379949349062372e+03
3.100000000000000000e+02 1.738653049805768887e+03
3.200000000000000000e+02 1.738926150262475630e+03
3.300000000000000000e+02 1.739199250719182146e+03
3.400000000000000000e+02 1.739406184264106741e+03
3.500000000000000000e+02 1.739613117809031337e+03
3.600000000000000000e+02 1.739820051353955932e+03
3.700000000000000000e+02 1.740107644857394234e+03
3.800000000000000000e+02 1.740395238360832309e+03
3.900000000000000000e+02 1.740682831864270611e+03
4.000000000000000000e+02 1.740935041177540143e+03
4.100000000000000000e+02 1.741187250490809902e+03
4.200000000000000000e+02 1.741439459804079434e+03
4.300000000000000000e+02 1.741681450676112718e+03
4.400000000000000000e+02 1.741923441548145775e+03
4.500000000000000000e+02 1.742165432420179059e+03
4.600000000000000000e+02 1.742482134057346457e+03
4.700000000000000000e+02 1.742798835694514082e+03
4.800000000000000000e+02 1.743115537331681480e+03
4.900000000000000000e+02 1.743460462986730136e+03
5.000000000000000000e+02 1.743805388641779018e+03
5.100000000000000000e+02 1.744150314296827673e+03
5.200000000000000000e+02 1.744596762483823341e+03
5.300000000000000000e+02 1.745043210670819235e+03
5.400000000000000000e+02 1.745489658857814902e+03
5.500000000000000000e+02 1.745846035809405976e+03
5.600000000000000000e+02 1.746202412760997277e+03
5.700000000000000000e+02 1.746558789712588350e+03
5.800000000000000000e+02 1.746909911378113748e+03
5.900000000000000000e+02 1.747261033043638918e+03
6.000000000000000000e+02 1.747612154709164315e+03
6.100000000000000000e+02 1.748011441186908314e+03
6.200000000000000000e+02 1.748410727664652541e+03
6.300000000000000000e+02 1.748810014142396540e+03
6.400000000000000000e+02 1.749430179369930329e+03
6.500000000000000000e+02 1.750050344597464345e+03
6.600000000000000000e+02 1.750670509824998135e+03
6.700000000000000000e+02 1.751191822756657302e+03
6.800000000000000000e+02 1.751713135688316697e+03
6.900000000000000000e+02 1.752234448619975865e+03
7.000000000000000000e+02 1.752829904212399697e+03
7.100000000000000000e+02 1.753425359804823756e+03
7.200000000000000000e+02 1.754020815397247588e+03
7.300000000000000000e+02 1.754558098942606193e+03
7.400000000000000000e+02 1.755095382487964798e+03
7.500000000000000000e+02 1.755632666033323403e+03
7.600000000000000000e+02 1.756184278461895246e+03
7.700000000000000000e+02 1.756735890890467090e+03
7.800000000000000000e+02 1.757287503319038933e+03
7.900000000000000000e+02 1.757950821708353260e+03
8.000000000000000000e+02 1.758614140097667814e+03
8.100000000000000000e+02 1.759277458486982141e+03
8.200000000000000000e+02 1.760010243243564901e+03
8.300000000000000000e+02 1.760743028000147888e+03
8.400000000000000000e+02 1.761475812756730647e+03
8.500000000000000000e+02 1.762367057182131703e+03
8.600000000000000000e+02 1.763258301607532758e+03
8.700000000000000000e+02 1.764149546032933813e+03
8.800000000000000000e+02 1.764795271932748619e+03
8.900000000000000000e+02 1.765440997832563426e+03
9.000000000000000000e+02 1.766086723732378232e+03
9.100000000000000000e+02 1.766634972857922776e+03
9.200000000000000000e+02 1.767183221983467092e+03
9.300000000000000000e+02 1.767731471109011636e+03
9.400000000000000000e+02 1.768134387164860755e+03
9.500000000000000000e+02 1.768537303220710101e+03
9.600000000000000000e+02 1.768940219276559219e+03
9.700000000000000000e+02 1.769356687137368681e+03
9.800000000000000000e+02 1.769773154998178143e+03
9.900000000000000000e+02 1.770189622858987605e+03
1.000000000000000000e+03 1.770469841764877629e+03
1.010000000000000000e+03 1.770750060670767880e+03
1.020000000000000000e+03 1.771030279576657904e+03
1.030000000000000000e+03 1.771402693513382246e+03
1.040000000000000000e+03 1.771775107450106816e+03
1.050000000000000000e+03 1.772147521386831158e+03
1.060000000000000000e+03 1.772385915177914285e+03
1.070000000000000000e+03 1.772624308968997411e+03
1.080000000000000000e+03 1.772862702760080538e+03
1.090000000000000000e+03 1.772968936935516467e+03
1.100000000000000000e+03 1.773075171110952169e+03
1.110000000000000000e+03 1.773181405286388099e+03
1.120000000000000000e+03 1.773322586781914197e+03
1.130000000000000000e+03 1.773463768277440295e+03
1.140000000000000000e+03 1.773604949772966393e+03
1.150000000000000000e+03 1.773718299808122993e+03
1.160000000000000000e+03 1.773831649843279592e+03
1.170000000000000000e+03 1.773944999878436192e+03
1.180000000000000000e+03 1.774130104738390628e+03
1.190000000000000000e+03 1.774315209598345291e+03
1.200000000000000000e+03 1.774500314458299727e+03
1.210000000000000000e+03 1.775046784008402255e+03
1.220000000000000000e+03 1.775593253558504557e+03
1.230000000000000000e+03 1.776139723108607086e+03
1.240000000000000000e+03 1.776658342560373967e+03
1.250000000000000000e+03 1.777176962012140848e+03
1.260000000000000000e+03 1.777695581463907729e+03
1.270000000000000000e+03 1.777985979131864269e+03
1.280000000000000000e+03 1.778276376799821037e+03
1.290000000000000000e+03 1.778566774467777577e+03
1.300000000000000000e+03 1.778736333105802032e+03
1.310000000000000000e+03 1.778905891743826260e+03
1.320000000000000000e+03 1.779075450381850715e+03
1.330000000000000000e+03 1.779473646484049596e+03
1.340000000000000000e+03 1.779871842586248704e+03
1.350000000000000000e+03 1.780270038688447585e+03
1.360000000000000000e+03 1.780785090907020276e+03
1.370000000000000000e+03 1.781300143125592967e+03
1.380000000000000000e+03 1.781815195344165659e+03
1.390000000000000000e+03 1.782495042698067437e+03
1.400000000000000000e+03 1.783174890051969442e+03
1.410000000000000000e+03 1.783854737405871219e+03
1.420000000000000000e+03 1.784562026079483303e+03
1.430000000000000000e+03 1.785269314753095159e+03
1.440000000000000000e+03 1.785976603426707243e+03
1.450000000000000000e+03 1.786743302864231509e+03
1.460000000000000000e+03 1.787510002301756003e+03
1.470000000000000000e+03 1.788276701739280270e+03
1.480000000000000000e+03 1.789013131862069713e+03
1.490000000000000000e+03 1.789749561984859156e+03
1.500000000000000000e+03 1.790485992107648599e+03
1.510000000000000000e+03 1.790839111118097435e+03
1.520000000000000000e+03 1.791192230128546498e+03
1.530000000000000000e+03 1.791545349138995334e+03
1.540000000000000000e+03 1.791583895742338882e+03
1.550000000000000000e+03 1.791622442345682202e+03
1.560000000000000000e+03 1.791660988949025750e+03
1.570000000000000000e+03 1.791616002030734307e+03
1.580000000000000000e+03 1.791571015112442865e+03
1.590000000000000000e+03 1.791526028194151422e+03
1.600000000000000000e+03 1.791505526006264290e+03
1.610000000000000000e+03 1.791485023818376931e+03
1.620000000000000000e+03 1.791464521630489799e+03
1.630000000000000000e+03 1.791716684154090899e+03
1.640000000000000000e+03 1.791968846677692227e+03
1.650000000000000000e+03 1.792221009201293327e+03
1.660000000000000000e+03 1.792235446443670980e+03
1.670000000000000000e+03 1.792249883686048861e+03
1.680000000000000000e+03 1.792264320928426514e+03
1.690000000000000000e+03 1.792286899272013670e+03
1.700000000000000000e+03 1.792309477615600827e+03
1.710000000000000000e+03 1.792332055959187983e+03
1.720000000000000000e+03 1.792449447891691989e+03
1.730000000000000000e+03 1.792566839824195995e+03
1.740000000000000000e+03 1.792684231756700001e+03
1.750000000000000000e+03 1.793013630628237934e+03
1.760000000000000000e+03 1.793343029499776094e+03
1.770000000000000000e+03 1.793672428371314027e+03
1.780000000000000000e+03 1.794366064322592138e+03
1.790000000000000000e+03 1.795059700273870021e+03
1.800000000000000000e+03 1.795753336225148132e+03
1.810000000000000000e+03 1.796780352798791682e+03
1.820000000000000000e+03 1.797807369372435232e+03
1.830000000000000000e+03 1.798834385946078783e+03
1.840000000000000000e+03 1.799650283596927238e+03
1.850000000000000000e+03 1.800466181247775694e+03
1.860000000000000000e+03 1.801282078898624150e+03
1.870000000000000000e+03 1.802133822621266290e+03
1.880000000000000000e+03 1.802985566343908204e+03
1.890000000000000000e+03 1.803837310066550344e+03
1.900000000000000000e+03 1.804202449762392007e+03
1.910000000000000000e+03 1.804567589458233670e+03
1.920000000000000000e+03 1.804932729154075332e+03
1.930000000000000000e+03 1.805255097913618329e+03
1.940000000000000000e+03 1.805577466673161553e+03
1.950000000000000000e+03 1.805899835432704549e+03
1.960000000000000000e+03 1.806371597741232563e+03
1.970000000000000000e+03 1.806843360049760577e+03
1.980000000000000000e+03 1.807315122358288590e+03
1.990000000000000000e+03 1.807529203993114379e+03
2.000000000000000000e+03 1.807743285627940395e+03
2.010000000000000000e+03 1.807957367262766184e+03
2.020000000000000000e+03 1.808114171341752581e+03
2.030000000000000000e+03 1.808270975420738750e+03
2.040000000000000000e+03 1.808427779499725148e+03
2.050000000000000000e+03 1.808787887255865371e+03
2.060000000000000000e+03 1.809147995012005595e+03
2.070000000000000000e+03 1.809508102768145818e+03
2.080000000000000000e+03 1.810194338358388450e+03
2.090000000000000000e+03 1.810880573948630854e+03
2.100000000000000000e+03 1.811566809538873486e+03
2.110000000000000000e+03 1.812397756598492606e+03
2.120000000000000000e+03 1.813228703658111499e+03
2.130000000000000000e+03 1.814059650717730619e+03
2.140000000000000000e+03 1.815351272055105255e+03
2.150000000000000000e+03 1.816642893392479891e+03
2.160000000000000000e+03 1.817934514729854527e+03
2.170000000000000000e+03 1.818949816951688035e+03
2.180000000000000000e+03 1.819965119173521771e+03
2.190000000000000000e+03 1.820980421395355279e+03
2.200000000000000000e+03 1.821915501524038518e+03
2.210000000000000000e+03 1.822850581652721985e+03
2.220000000000000000e+03 1.823785661781405224e+03
2.230000000000000000e+03 1.824820706276533656e+03
2.240000000000000000e+03 1.825855750771661860e+03
2.250000000000000000e+03 1.826890795266790292e+03
2.260000000000000000e+03 1.827241814450497714e+03
2.270000000000000000e+03 1.827592833634205135e+03
2.280000000000000000e+03 1.827943852817912557e+03
2.290000000000000000e+03 1.827633572652723387e+03
2.300000000000000000e+03 1.827323292487534445e+03
2.310000000000000000e+03 1.827013012322345276e+03
2.320000000000000000e+03 1.827404047173874915e+03
2.330000000000000000e+03 1.827795082025404781e+03
2.340000000000000000e+03 1.828186116876934420e+03
2.350000000000000000e+03 1.829608327879089074e+03
2.360000000000000000e+03 1.831030538881243956e+03
2.370000000000000000e+03 1.832452749883398610e+03
2.380000000000000000e+03 1.834032153428237280e+03
2.390000000000000000e+03 1.835611556973075949e+03
2.400000000000000000e+03 1.837190960517914618e+03
2.410000000000000000e+03 1.838038284179930088e+03
2.420000000000000000e+03 1.838885607841945557e+03
2.430000000000000000e+03 1.839732931503961026e+03
2.440000000000000000e+03 1.840454583359313347e+03
2.450000000000000000e+03 1.841176235214665667e+03
2.460000000000000000e+03 1.841897887070017987e+03
2.470000000000000000e+03 1.843199288945394528e+03
2.480000000000000000e+03 1.844500690820771069e+03
2.490000000000000000e+03 1.845802092696147611e+03
2.500000000000000000e+03 1.847060584811259787e+03
2.510000000000000000e+03 1.848319076926372190e+03
2.520000000000000000e+03 1.849577569041484367e+03
2.530000000000000000e+03 1.849313788167896519e+03
2.540000000000000000e+03 1.849050007294308443e+03
2.550000000000000000e+03 1.848786226420720595e+03
2.560000000000000000e+03 1.847424227727218067e+03
2.570000000000000000e+03 1.846062229033715766e+03
2.580000000000000000e+03 1.844700230340213238e+03
2.590000000000000000e+03 1.843899532782738788e+03
2.600000000000000000e+03 1.843098835225264111e+03
2.610000000000000000e+03 1.842298137667789661e+03
2.620000000000000000e+03 1.841774671859127011e+03
2.630000000000000000e+03 1.841251206050464134e+03
2.640000000000000000e+03 1.840727740241801484e+03
2.650000000000000000e+03 1.840771452846779539e+03
2.660000000000000000e+03 1.840815165451757821e+03
2.670000000000000000e+03 1.840858878056735875e+03
2.680000000000000000e+03 1.840813553689369201e+03
2.690000000000000000e+03 1.840768229322002526e+03
2.700000000000000000e+03 1.840722904954635851e+03
2.710000000000000000e+03 1.841976878283409633e+03
2.720000000000000000e+03 1.843230851612183187e+03
2.730000000000000000e+03 1.844484824940956969e+03
2.740000000000000000e+03 1.846346444423157209e+03
2.750000000000000000e+03 1.848208063905357221e+03
2.760000000000000000e+03 1.850069683387557461e+03
2.770000000000000000e+03 1.852230958225052291e+03
2.780000000000000000e+03 1.854392233062547348e+03
2.790000000000000000e+03 1.856553507900042177e+03
2.800000000000000000e+03 1.858340184050428661e+03
2.810000000000000000e+03 1.860126860200815372e+03
2.820000000000000000e+03 1.861913536351201856e+03
2.830000000000000000e+03 1.864404496210812113e+03
2.840000000000000000e+03 1.866895456070422370e+03
2.850000000000000000e+03 1.869386415930032626e+03
2.860000000000000000e+03 1.871730712233899567e+03
2.870000000000000000e+03 1.874075008537766735e+03
2.880000000000000000e+03 1.876419304841633675e+03
2.890000000000000000e+03 1.877639270741880864e+03
2.900000000000000000e+03 1.878859236642128053e+03
2.910000000000000000e+03 1.880079202542375242e+03
2.920000000000000000e+03 1.881402786505935865e+03
2.930000000000000000e+03 1.882726370469496260e+03
2.940000000000000000e+03 1.884049954433056882e+03
2.950000000000000000e+03 1.885028391209095616e+03
2.960000000000000000e+03 1.886006827985134350e+03
2.970000000000000000e+03 1.886985264761173084e+03
2.980000000000000000e+03 1.887117692342474356e+03
2.990000000000000000e+03 1.887250119923775628e+03
3.000000000000000000e+03 1.887382547505076900e+03
3.010000000000000000e+03 1.887146160069064535e+03
3.020000000000000000e+03 1.886909772633052171e+03
3.030000000000000000e+03 1.886673385197039806e+03
3.040000000000000000e+03 1.886697332338266733e+03
3.050000000000000000e+03 1.886721279479493660e+03
3.060000000000000000e+03 1.886745226620720587e+03
3.070000000000000000e+03 1.886921063366473163e+03
3.080000000000000000e+03 1.887096900112225967e+03
3.090000000000000000e+03 1.887272736857978543e+03
3.100000000000000000e+03 1.887227815008330253e+03
3.110000000000000000e+03 1.887182893158681964e+03
3.120000000000000000e+03 1.887137971309033674e+03
3.130000000000000000e+03 1.887334618312215071e+03
3.140000000000000000e+03 1.887531265315396240e+03
3.150000000000000000e+03 1.887727912318577637e+03
3.160000000000000000e+03 1.887313552989655136e+03
3.170000000000000000e+03 1.886899193660732863e+03
3.180000000000000000e+03 1.886484834331810362e+03
3.190000000000000000e+03 1.886193049119799753e+03
3.200000000000000000e+03 1.885901263907788916e+03
3.210000000000000000e+03 1.885609478695778307e+03
3.220000000000000000e+03 1.885385654068986469e+03
3.230000000000000000e+03 1.885161829442194858e+03
3.240000000000000000e+03 1.884938004815403019e+03
3.250000000000000000e+03 1.884751677943116647e+03
3.260000000000000000e+03 1.884565351070830502e+03
3.270000000000000000e+03 1.884379024198544130e+03
3.280000000000000000e+03 1.883942476298313295e+03
3.290000000000000000e+03 1.883505928398082233e+03
3.300000000000000000e+03 1.883069380497851398e+03
3.310000000000000000e+03 1.883240396776797525e+03
3.320000000000000000e+03 1.883411413055743424e+03
3.330000000000000000e+03 1.883582429334689550e+03
3.340000000000000000e+03 1.884113827426543367e+03
3.350000000000000000e+03 1.884645225518397183e+03
3.360000000000000000e+03 1.885176623610250999e+03
3.370000000000000000e+03 1.885879684916853421e+03
3.380000000000000000e+03 1.886582746223455842e+03
3.390000000000000000e+03 1.887285807530058264e+03
3.400000000000000000e+03 1.888298139822479015e+03
3.410000000000000000e+03 1.889310472114899540e+03
3.420000000000000000e+03 1.890322804407320291e+03
3.430000000000000000e+03 1.892314200345163044e+03
3.440000000000000000e+03 1.894305596283006025e+03
3.450000000000000000e+03 1.896296992220848779e+03
3.460000000000000000e+03 1.898006174401254839e+03
3.470000000000000000e+03 1.899715356581660672e+03
3.480000000000000000e+03 1.901424538762066732e+03
3.490000000000000000e+03 1.902574183233855365e+03
3.500000000000000000e+03 1.903723827705643771e+03
3.510000000000000000e+03 1.904873472177432404e+03
3.520000000000000000e+03 1.906196856434058645e+03
3.530000000000000000e+03 1.907520240690684886e+03
3.540000000000000000e+03 1.908843624947311127e+03
3.550000000000000000e+03 1.909510056057843030e+03
3.560000000000000000e+03 1.910176487168374933e+03
3.570000000000000000e+03 1.910842918278906836e+03
3.580000000000000000e+03 1.910773228065753301e+03
3.590000000000000000e+03 1.910703537852599766e+03
3.600000000000000000e+03 1.910633847639446230e+03
3.610000000000000000e+03 1.920119576871016989e+03
3.620000000000000000e+03 1.929605306102587974e+03
3.630000000000000000e+03 1.939091035334158732e+03
3.640000000000000000e+03 1.939503735172232382e+03
3.650000000000000000e+03 1.939916435010306259e+03
3.660000000000000000e+03 1.940329134848379908e+03
3.670000000000000000e+03 1.940962464289615582e+03
3.680000000000000000e+03 1.941595793730851483e+03
3.690000000000000000e+03 1.942229123172087156e+03
3.700000000000000000e+03 1.943064143217316769e+03
3.710000000000000000e+03 1.943899163262546381e+03
3.720000000000000000e+03 1.944734183307775993e+03
3.730000000000000000e+03 1.945920317939800043e+03
3.740000000000000000e+03 1.947106452571824320e+03
3.750000000000000000e+03 1.948292587203848370e+03
3.760000000000000000e+03 1.949991496715158291e+03
3.770000000000000000e+03 1.951690406226468440e+03
3.780000000000000000e+03 1.953389315737778361e+03
3.790000000000000000e+03 1.955678864945818532e+03
3.800000000000000000e+03 1.957968414153858703e+03
3.810000000000000000e+03 1.960257963361898874e+03
3.820000000000000000e+03 1.962448890489461064e+03
3.830000000000000000e+03 1.964639817617023255e+03
3.840000000000000000e+03 1.966830744744585445e+03
3.850000000000000000e+03 1.968428403324740657e+03
3.860000000000000000e+03 1.970026061904895641e+03
3.870000000000000000e+03 1.971623720485050853e+03
3.880000000000000000e+03 1.973401098263002723e+03
3.890000000000000000e+03 1.975178476040954820e+03
3.900000000000000000e+03 1.976955853818906689e+03
3.910000000000000000e+03 1.978913235497218011e+03
3.920000000000000000e+03 1.980870617175529333e+03
3.930000000000000000e+03 1.982827998853840654e+03
3.940000000000000000e+03 1.984617787320757998e+03
3.950000000000000000e+03 1.986407575787675341e+03
3.960000000000000000e+03 1.988197364254592685e+03
3.970000000000000000e+03 1.990037025197003686e+03
3.980000000000000000e+03 1.991876686139414460e+03
3.990000000000000000e+03 1.993716347081825461e+03
4.000000000000000000e+03 1.995995904407135640e+03
4.010000000000000000e+03 1.998275461732446047e+03
4.020000000000000000e+03 2.000555019057756226e+03
4.030000000000000000e+03 2.002204310330551380e+03
4.040000000000000000e+03 2.003853601603346533e+03
4.050000000000000000e+03 2.005502892876141686e+03
4.060000000000000000e+03 2.006944479978055142e+03
4.070000000000000000e+03 2.008386067079968825e+03
4.080000000000000000e+03 2.009827654181882281e+03
4.090000000000000000e+03 2.011431236319782784e+03
4.100000000000000000e+03 2.013034818457683286e+03
4.110000000000000000e+03 2.014638400595583789e+03
4.120000000000000000e+03 2.015809371746172928e+03
4.130000000000000000e+03 2.016980342896762068e+03
4.140000000000000000e+03 2.018151314047351207e+03
4.150000000000000000e+03 2.018955492180765987e+03
4.160000000000000000e+03 2.019759670314180994e+03
4.170000000000000000e+03 2.020563848447595774e+03
4.180000000000000000e+03 2.021592795307419010e+03
4.190000000000000000e+03 2.022621742167242019e+03
4.200000000000000000e+03 2.023650689027065255e+03
4.210000000000000000e+03 2.025173274353609031e+03
4.220000000000000000e+03 2.026695859680152807e+03
4.230000000000000000e+03 2.028218445006696584e+03
4.240000000000000000e+03 2.029542582733287645e+03
4.250000000000000000e+03 2.030866720459878479e+03
4.260000000000000000e+03 2.032190858186469541e+03
4.270000000000000000e+03 2.033432146853858967e+03
4.280000000000000000e+03 2.034673435521248166e+03
4.290000000000000000e+03 2.035914724188637592e+03
4.300000000000000000e+03 2.037022223101522513e+03
4.310000000000000000e+03 2.038129722014407207e+03
4.320000000000000000e+03 2.039237220927292128e+03
4.330000000000000000e+03 2.040489329336332275e+03
4.340000000000000000e+03 2.041741437745372650e+03
4.350000000000000000e+03 2.042993546154412797e+03
4.360000000000000000e+03 2.044800916595704848e+03
4.370000000000000000e+03 2.046608287036996671e+03
4.380000000000000000e+03 2.048415657478288722e+03
4.390000000000000000e+03 2.050282212321226780e+03
4.400000000000000000e+03 2.052148767164165292e+03
4.410000000000000000e+03 2.054015322007103350e+03
4.420000000000000000e+03 2.055423372185259268e+03
4.430000000000000000e+03 2.056831422363415641e+03
4.440000000000000000e+03 2.058239472541571558e+03
4.450000000000000000e+03 2.059543053915481323e+03
4.460000000000000000e+03 2.060846635289391543e+03
4.470000000000000000e+03 2.062150216663301308e+03
4.480000000000000000e+03 2.063640757010231027e+03
4.490000000000000000e+03 2.065131297357161202e+03
4.500000000000000000e+03 2.066621837704090922e+03
4.510000000000000000e+03 2.067889025005032636e+03
4.520000000000000000e+03 2.069156212305974350e+03
4.530000000000000000e+03 2.070423399606916064e+03
4.540000000000000000e+03 2.071286434132304748e+03
4.550000000000000000e+03 2.072149468657693888e+03
4.560000000000000000e+03 2.073012503183082572e+03
4.570000000000000000e+03 2.074022248526799558e+03
4.580000000000000000e+03 2.075031993870516999e+03
4.590000000000000000e+03 2.076041739214233985e+03
4.600000000000000000e+03 2.076899136356084909e+03
4.610000000000000000e+03 2.077756533497935834e+03
4.620000000000000000e+03 2.078613930639786759e+03
4.630000000000000000e+03 2.079279313704750621e+03
4.640000000000000000e+03 2.079944696769714028e+03
4.650000000000000000e+03 2.080610079834677890e+03
4.660000000000000000e+03 2.081530308057500406e+03
4.670000000000000000e+03 2.082450536280322922e+03
4.680000000000000000e+03 2.083370764503145438e+03
4.690000000000000000e+03 2.085079747019652586e+03
4.700000000000000000e+03 2.086788729536159281e+03
4.710000000000000000e+03 2.088497712052666429e+03
4.720000000000000000e+03 2.089657398108688085e+03
4.730000000000000000e+03 2.090817084164710195e+03
4.740000000000000000e+03 2.091976770220731851e+03
4.750000000000000000e+03 2.093086478356434327e+03
4.760000000000000000e+03 2.094196186492137258e+03
4.770000000000000000e+03 2.095305894627839734e+03
4.780000000000000000e+03 2.096607820945553613e+03
4.790000000000000000e+03 2.097909747263267036e+03
4.800000000000000000e+03 2.099211673580980914e+03
4.810000000000000000e+03 2.100594790142464262e+03
4.820000000000000000e+03 2.101977906703947156e+03
4.830000000000000000e+03 2.103361023265430504e+03
4.840000000000000000e+03 2.104822314393677971e+03
4.850000000000000000e+03 2.106283605521925438e+03
4.860000000000000000e+03 2.107744896650172905e+03
4.870000000000000000e+03 2.109033019820099071e+03
4.880000000000000000e+03 2.110321142990024782e+03
4.890000000000000000e+03 2.111609266159950948e+03
4.900000000000000000e+03 2.112969505850523547e+03
4.910000000000000000e+03 2.114329745541096145e+03
4.920000000000000000e+03 2.115689985231668743e+03
4.930000000000000000e+03 2.116956975853628137e+03
4.940000000000000000e+03 2.118223966475587076e+03
4.950000000000000000e+03 2.119490957097546470e+03
4.960000000000000000e+03 2.120866503622067285e+03
4.970000000000000000e+03 2.122242050146588099e+03
4.980000000000000000e+03 2.123617596671108913e+03
4.990000000000000000e+03 2.124725333843046883e+03
5.000000000000000000e+03 2.125833071014984853e+03
5.010000000000000000e+03 2.126940808186922823e+03
5.020000000000000000e+03 2.127814228433435346e+03
5.030000000000000000e+03 2.128687648679947870e+03
5.040000000000000000e+03 2.129561068926460393e+03
5.050000000000000000e+03 2.130232737948446811e+03
5.060000000000000000e+03 2.130904406970432774e+03
5.070000000000000000e+03 2.131576075992419192e+03
5.080000000000000000e+03 2.132379216354550408e+03
5.090000000000000000e+03 2.133182356716682079e+03
5.100000000000000000e+03 2.133985497078813296e+03
5.110000000000000000e+03 2.134685501449303956e+03
5.120000000000000000e+03 2.135385505819794162e+03
5.130000000000000000e+03 2.136085510190284822e+03
5.140000000000000000e+03 2.136605401631468339e+03
5.150000000000000000e+03 2.137125293072651402e+03
5.160000000000000000e+03 2.137645184513834920e+03
5.170000000000000000e+03 2.138352365753303275e+03
5.180000000000000000e+03 2.139059546992771175e+03
5.190000000000000000e+03 2.139766728232239529e+03
5.200000000000000000e+03 2.140263591155173799e+03
5.210000000000000000e+03 2.140760454078108523e+03
5.220000000000000000e+03 2.141257317001042793e+03
5.230000000000000000e+03 2.141977927865614674e+03
5.240000000000000000e+03 2.142698538730186101e+03
5.250000000000000000e+03 2.143419149594757982e+03
5.260000000000000000e+03 2.144192265773526287e+03
5.270000000000000000e+03 2.144965381952295047e+03
5.280000000000000000e+03 2.145738498131063352e+03
5.290000000000000000e+03 2.146836435098102811e+03
5.300000000000000000e+03 2.147934372065142725e+03
5.310000000000000000e+03 2.149032309032182184e+03
5.320000000000000000e+03 2.150059114315713032e+03
5.330000000000000000e+03 2.151085919599243425e+03
5.340000000000000000e+03 2.152112724882774273e+03
5.350000000000000000e+03 2.153276932361388390e+03
5.360000000000000000e+03 2.154441139840002506e+03
5.370000000000000000e+03 2.155605347318616623e+03
5.380000000000000000e+03 2.156722273187575865e+03
5.390000000000000000e+03 2.157839199056535108e+03
5.400000000000000000e+03 2.158956124925494350e+03
5.410000000000000000e+03 2.159921210364211674e+03
5.420000000000000000e+03 2.160886295802928998e+03
5.430000000000000000e+03 2.161851381241646322e+03
5.440000000000000000e+03 2.162753000796521974e+03
5.450000000000000000e+03 2.163654620351397625e+03
5.460000000000000000e+03 2.164556239906273277e+03
5.470000000000000000e+03 2.165275518894058223e+03
5.480000000000000000e+03 2.165994797881843624e+03
5.490000000000000000e+03 2.166714076869628570e+03
5.500000000000000000e+03 2.167543014214463710e+03
5.510000000000000000e+03 2.168371951559298395e+03
5.520000000000000000e+03 2.169200888904133535e+03
5.530000000000000000e+03 2.169838349369091702e+03
5.540000000000000000e+03 2.170475809834049869e+03
5.550000000000000000e+03 2.171113270299008036e+03
5.560000000000000000e+03 2.171826878905171270e+03
5.570000000000000000e+03 2.172540487511334959e+03
5.580000000000000000e+03 2.173254096117498193e+03
5.590000000000000000e+03 2.174312048649107055e+03
5.600000000000000000e+03 2.175370001180715917e+03
5.610000000000000000e+03 2.176427953712324779e+03
5.620000000000000000e+03 2.177423952487710267e+03
5.630000000000000000e+03 2.178419951263095300e+03
5.640000000000000000e+03 2.179415950038480787e+03
5.650000000000000000e+03 2.180373214758584254e+03
5.660000000000000000e+03 2.181330479478687721e+03
5.670000000000000000e+03 2.182287744198791188e+03
5.680000000000000000e+03 2.183526443932384154e+03
5.690000000000000000e+03 2.184765143665977121e+03
5.700000000000000000e+03 2.186003843399570087e+03
5.710000000000000000e+03 2.187248291369242452e+03
5.720000000000000000e+03 2.188492739338914816e+03
5.730000000000000000e+03 2.189737187308587181e+03
5.740000000000000000e+03 2.190658558094949967e+03
5.750000000000000000e+03 2.191579928881312298e+03
5.760000000000000000e+03 2.192501299667675084e+03
5.770000000000000000e+03 2.193350334418561488e+03
5.780000000000000000e+03 2.194199369169447891e+03
5.790000000000000000e+03 2.195048403920334295e+03
5.800000000000000000e+03 2.195976537444731548e+03
5.810000000000000000e+03 2.196904670969128802e+03
5.820000000000000000e+03 2.197832804493526055e+03
5.830000000000000000e+03 2.198759581013629941e+03
5.840000000000000000e+03 2.199686357533733371e+03
5.850000000000000000e+03 2.200613134053837257e+03
5.860000000000000000e+03 2.201385077235562676e+03
5.870000000000000000e+03 2.202157020417288095e+03
5.880000000000000000e+03 2.202928963599013514e+03
5.890000000000000000e+03 2.203565205626215629e+03
5.900000000000000000e+03 2.204201447653418199e+03
5.910000000000000000e+03 2.204837689680620315e+03
5.920000000000000000e+03 2.205526520328010065e+03
5.930000000000000000e+03 2.206215350975399815e+03
5.940000000000000000e+03 2.206904181622789565e+03
5.950000000000000000e+03 2.207735092022113804e+03
5.960000000000000000e+03 2.208566002421438043e+03
5.970000000000000000e+03 2.209396912820762282e+03
5.980000000000000000e+03 2.210143699313310208e+03
5.990000000000000000e+03 2.210890485805858134e+03
6.000000000000000000e+03 2.211637272298406060e+03
6.010000000000000000e+03 2.212376586074411080e+03
6.020000000000000000e+03 2.213115899850415644e+03
6.030000000000000000e+03 2.213855213626420664e+03
6.040000000000000000e+03 2.214600950787354577e+03
6.050000000000000000e+03 2.215346687948288491e+03
6.060000000000000000e+03 2.216092425109222404e+03
6.070000000000000000e+03 2.216791599023191793e+03
6.080000000000000000e+03 2.217490772937161182e+03
6.090000000000000000e+03 2.218189946851130571e+03
6.100000000000000000e+03 2.218961052306371585e+03
6.110000000000000000e+03 2.219732157761612598e+03
6.120000000000000000e+03 2.220503263216853611e+03
6.130000000000000000e+03 2.221041660114290153e+03
6.140000000000000000e+03 2.221580057011727149e+03
6.150000000000000000e+03 2.222118453909163691e+03
6.160000000000000000e+03 2.222673567815602382e+03
6.170000000000000000e+03 2.223228681722040619e+03
6.180000000000000000e+03 2.223783795628479311e+03
6.190000000000000000e+03 2.224472937589163848e+03
6.200000000000000000e+03 2.225162079549848841e+03
6.210000000000000000e+03 2.225851221510533378e+03
6.220000000000000000e+03 2.226342357938108762e+03
6.230000000000000000e+03 2.226833494365684146e+03
6.240000000000000000e+03 2.227324630793259530e+03
6.250000000000000000e+03 2.227891344587615549e+03
6.260000000000000000e+03 2.228458058381971114e+03
6.270000000000000000e+03 2.229024772176327133e+03
6.280000000000000000e+03 2.229898088468750757e+03
6.290000000000000000e+03 2.230771404761174836e+03
6.300000000000000000e+03 2.231644721053598460e+03
6.310000000000000000e+03 2.232343231415980881e+03
6.320000000000000000e+03 2.233041741778363303e+03
6.330000000000000000e+03 2.233740252140745724e+03
6.340000000000000000e+03 2.234461876824344472e+03
6.350000000000000000e+03 2.235183501507943220e+03
6.360000000000000000e+03 2.235905126191541967e+03
6.370000000000000000e+03 2.236690030085432227e+03
6.380000000000000000e+03 2.237474933979322486e+03
6.390000000000000000e+03 2.238259837873212746e+03
6.400000000000000000e+03 2.239163929811492380e+03
6.410000000000000000e+03 2.240068021749772470e+03
6.420000000000000000e+03 2.240972113688052104e+03
6.430000000000000000e+03 2.241891197638761696e+03
6.440000000000000000e+03 2.242810281589471742e+03
6.450000000000000000e+03 2.243729365540181334e+03
6.460000000000000000e+03 2.244547227056971678e+03
6.470000000000000000e+03 2.245365088573762023e+03
6.480000000000000000e+03 2.246182950090552367e+03
6.490000000000000000e+03 2.246801488562415670e+03
6.500000000000000000e+03 2.247420027034278974e+03
6.510000000000000000e+03 2.248038565506142277e+03
6.520000000000000000e+03 2.248603878573141174e+03
6.530000000000000000e+03 2.249169191640140525e+03
6.540000000000000000e+03 2.249734504707139422e+03
6.550000000000000000e+03 2.250192789356945468e+03
6.560000000000000000e+03 2.250651074006751514e+03
6.570000000000000000e+03 2.251109358656557561e+03
6.580000000000000000e+03 2.251512335084900315e+03
6.590000000000000000e+03 2.251915311513243068e+03
6.600000000000000000e+03 2.252318287941585822e+03
6.610000000000000000e+03 2.252522947316643240e+03
6.620000000000000000e+03 2.252727606691700657e+03
6.630000000000000000e+03 2.252932266066758075e+03
6.640000000000000000e+03 2.253193856054717799e+03
6.650000000000000000e+03 2.253455446042677522e+03
6.660000000000000000e+03 2.253717036030637246e+03
6.670000000000000000e+03 2.254017876614340821e+03
6.680000000000000000e+03 2.254318717198044396e+03
6.690000000000000000e+03 2.254619557781747972e+03
6.700000000000000000e+03 2.255039802772621442e+03
6.710000000000000000e+03 2.255460047763494913e+03
6.720000000000000000e+03 2.255880292754368384e+03
6.730000000000000000e+03 2.256273550246286050e+03
6.740000000000000000e+03 2.256666807738203715e+03
6.750000000000000000e+03 2.257060065230121381e+03
6.760000000000000000e+03 2.257630785149774965e+03
6.770000000000000000e+03 2.258201505069428549e+03
6.780000000000000000e+03 2.258772224989082133e+03
6.790000000000000000e+03 2.259548041701591501e+03
6.800000000000000000e+03 2.260323858414100414e+03
6.810000000000000000e+03 2.261099675126609782e+03
6.820000000000000000e+03 2.261767413495957499e+03
6.830000000000000000e+03 2.262435151865305215e+03
6.840000000000000000e+03 2.263102890234652932e+03
6.850000000000000000e+03 2.263822987306438336e+03
6.860000000000000000e+03 2.264543084378223739e+03
6.870000000000000000e+03 2.265263181450009142e+03
6.880000000000000000e+03 2.265999226347533295e+03
6.890000000000000000e+03 2.266735271245057902e+03
6.900000000000000000e+03 2.267471316142582054e+03
6.910000000000000000e+03 2.267992643558300188e+03
6.920000000000000000e+03 2.268513970974017866e+03
6.930000000000000000e+03 2.269035298389735999e+03
6.940000000000000000e+03 2.269456828023605340e+03
6.950000000000000000e+03 2.269878357657475135e+03
6.960000000000000000e+03 2.270299887291344476e+03
6.970000000000000000e+03 2.270721552026719564e+03
6.980000000000000000e+03 2.271143216762094198e+03
6.990000000000000000e+03 2.271564881497469287e+03
7.000000000000000000e+03 2.271973039254368359e+03
7.010000000000000000e+03 2.272381197011266977e+03
7.020000000000000000e+03 2.272789354768166049e+03
7.030000000000000000e+03 2.273308744010382725e+03
7.040000000000000000e+03 2.273828133252599400e+03
7.050000000000000000e+03 2.274347522494816076e+03
7.060000000000000000e+03 2.274809539223480442e+03
7.070000000000000000e+03 2.275271555952145263e+03
7.080000000000000000e+03 2.275733572680809630e+03
7.090000000000000000e+03 2.276357373241731693e+03
7.100000000000000000e+03 2.276981173802653757e+03
7.110000000000000000e+03 2.277604974363575820e+03
7.120000000000000000e+03 2.278229999789667545e+03
7.130000000000000000e+03 2.278855025215758815e+03
7.140000000000000000e+03 2.279480050641850539e+03
7.150000000000000000e+03 2.279997903655525988e+03
7.160000000000000000e+03 2.280515756669201437e+03
7.170000000000000000e+03 2.281033609682876886e+03
7.180000000000000000e+03 2.281390253983232924e+03
7.190000000000000000e+03 2.281746898283588962e+03
7.200000000000000000e+03 2.282103542583945000e+03
7.210000000000000000e+03 2.282386295106122361e+03
7.220000000000000000e+03 2.282669047628300177e+03
7.230000000000000000e+03 2.282951800150477538e+03
7.240000000000000000e+03 2.283467079483570615e+03
7.250000000000000000e+03 2.283982358816663236e+03
7.260000000000000000e+03 2.284497638149756312e+03
7.270000000000000000e+03 2.284969223403163141e+03
7.280000000000000000e+03 2.285440808656569970e+03
7.290000000000000000e+03 2.285912393909976799e+03
7.300000000000000000e+03 2.286272942983993289e+03
7.310000000000000000e+03 2.286633492058009324e+03
7.320000000000000000e+03 2.286994041132025814e+03
7.330000000000000000e+03 2.287483581359810159e+03
7.340000000000000000e+03 2.287973121587594960e+03
7.350000000000000000e+03 2.288462661815379306e+03
7.360000000000000000e+03 2.288903680389302281e+03
7.370000000000000000e+03 2.289344698963225710e+03
7.380000000000000000e+03 2.289785717537148685e+03
7.390000000000000000e+03 2.290429772316927938e+03
7.400000000000000000e+03 2.291073827096706736e+03
7.410000000000000000e+03 2.291717881876485990e+03
7.420000000000000000e+03 2.292713735189384806e+03
7.430000000000000000e+03 2.293709588502284078e+03
7.440000000000000000e+03 2.294705441815182894e+03
7.450000000000000000e+03 2.295855799724721692e+03
7.460000000000000000e+03 2.297006157634260489e+03
7.470000000000000000e+03 2.298156515543799287e+03
7.480000000000000000e+03 2.299483882934636767e+03
7.490000000000000000e+03 2.300811250325473793e+03
7.500000000000000000e+03 2.302138617716311273e+03
7.510000000000000000e+03 2.303677752720953777e+03
7.520000000000000000e+03 2.305216887725595825e+03
7.530000000000000000e+03 2.306756022730238328e+03
7.540000000000000000e+03 2.308200055666638036e+03
7.550000000000000000e+03 2.309644088603037744e+03
7.560000000000000000e+03 2.311088121539437452e+03
7.570000000000000000e+03 2.312521556279491961e+03
7.580000000000000000e+03 2.313954991019546014e+03
7.590000000000000000e+03 2.315388425759600523e+03
7.600000000000000000e+03 2.316922046474314357e+03
7.610000000000000000e+03 2.318455667189028645e+03
7.620000000000000000e+03 2.319989287903742479e+03
7.630000000000000000e+03 2.321189739579155685e+03
7.640000000000000000e+03 2.322390191254568890e+03
7.650000000000000000e+03 2.323590642929982096e+03
7.660000000000000000e+03 2.324709976340771391e+03
7.670000000000000000e+03 2.325829309751560686e+03
7.680000000000000000e+03 2.326948643162349981e+03
7.690000000000000000e+03 2.328055761418109341e+03
7.700000000000000000e+03 2.329162879673868247e+03
7.710000000000000000e+03 2.330269997929627607e+03
7.720000000000000000e+03 2.331335833671862929e+03
7.730000000000000000e+03 2.332401669414098251e+03
7.740000000000000000e+03 2.333467505156333573e+03
7.750000000000000000e+03 2.334596829814184730e+03
7.760000000000000000e+03 2.335726154472036342e+03
7.770000000000000000e+03 2.336855479129887499e+03
7.780000000000000000e+03 2.337826685755235758e+03
7.790000000000000000e+03 2.338797892380583562e+03
7.800000000000000000e+03 2.339769099005931821e+03
7.810000000000000000e+03 2.340784687566288994e+03
7.820000000000000000e+03 2.341800276126646168e+03
7.830000000000000000e+03 2.342815864687003341e+03
7.840000000000000000e+03 2.344079928103728435e+03
7.850000000000000000e+03 2.345343991520453983e+03
7.860000000000000000e+03 2.346608054937179077e+03
7.870000000000000000e+03 2.347809299456725057e+03
7.880000000000000000e+03 2.349010543976271038e+03
7.890000000000000000e+03 2.350211788495817018e+03
7.900000000000000000e+03 2.351290641682721343e+03
7.910000000000000000e+03 2.352369494869626124e+03
7.920000000000000000e+03 2.353448348056530449e+03
7.930000000000000000e+03 2.354478763184760737e+03
7.940000000000000000e+03 2.355509178312991480e+03
7.950000000000000000e+03 2.356539593441221768e+03
7.960000000000000000e+03 2.357214985070895636e+03
7.970000000000000000e+03 2.357890376700569504e+03
7.980000000000000000e+03 2.358565768330243372e+03
7.990000000000000000e+03 2.359119591915240562e+03
8.000000000000000000e+03 2.359673415500237297e+03
8.010000000000000000e+03 2.360227239085234487e+03
8.020000000000000000e+03 2.360862500452992663e+03
8.030000000000000000e+03 2.361497761820750384e+03
8.040000000000000000e+03 2.362133023188508560e+03
8.050000000000000000e+03 2.362442695856068440e+03
8.060000000000000000e+03 2.362752368523627865e+03
8.070000000000000000e+03 2.363062041191187745e+03
8.080000000000000000e+03 2.363224039391586757e+03
8.090000000000000000e+03 2.363386037591986224e+03
8.100000000000000000e+03 2.363548035792385235e+03
8.110000000000000000e+03 2.363800511299044047e+03
8.120000000000000000e+03 2.364052986805702858e+03
8.130000000000000000e+03 2.364305462312361669e+03
8.140000000000000000e+03 2.364475292105960307e+03
8.150000000000000000e+03 2.364645121899558490e+03
8.160000000000000000e+03 2.364814951693157127e+03
8.170000000000000000e+03 2.365063518267866584e+03
8.180000000000000000e+03 2.365312084842576496e+03
8.190000000000000000e+03 2.365560651417285953e+03
8.200000000000000000e+03 2.366122357183196527e+03
8.210000000000000000e+03 2.366684062949106647e+03
8.220000000000000000e+03 2.367245768715017221e+03
8.230000000000000000e+03 2.367691007823380005e+03
8.240000000000000000e+03 2.368136246931742789e+03
8.250000000000000000e+03 2.368581486040105574e+03
8.260000000000000000e+03 2.369135999293534496e+03
8.270000000000000000e+03 2.369690512546963873e+03
8.280000000000000000e+03 2.370245025800392796e+03
8.290000000000000000e+03 2.370783048548240913e+03
8.300000000000000000e+03 2.371321071296089485e+03
8.310000000000000000e+03 2.371859094043937603e+03
8.320000000000000000e+03 2.372361659355048232e+03
8.330000000000000000e+03 2.372864224666158407e+03
8.340000000000000000e+03 2.373366789977269036e+03
8.350000000000000000e+03 2.373851092888266066e+03
8.360000000000000000e+03 2.374335395799263097e+03
8.370000000000000000e+03 2.374819698710260127e+03
8.380000000000000000e+03 2.375341932508357331e+03
8.390000000000000000e+03 2.375864166306454536e+03
8.400000000000000000e+03 2.376386400104551740e+03
8.410000000000000000e+03 2.376671154536349604e+03
8.420000000000000000e+03 2.376955908968147014e+03
8.430000000000000000e+03 2.377240663399944879e+03
8.440000000000000000e+03 2.377639110760465883e+03
8.450000000000000000e+03 2.378037558120986887e+03
8.460000000000000000e+03 2.378436005481507891e+03
8.470000000000000000e+03 2.378467393594220539e+03
8.480000000000000000e+03 2.378498781706933187e+03
8.490000000000000000e+03 2.378530169819645835e+03
8.500000000000000000e+03 2.378529172441289575e+03
8.510000000000000000e+03 2.378528175062932860e+03
8.520000000000000000e+03 2.378527177684576600e+03
8.530000000000000000e+03 2.378511428406953200e+03
8.540000000000000000e+03 2.378495679129329801e+03
8.550000000000000000e+03 2.378479929851706402e+03
8.560000000000000000e+03 2.378981893195592875e+03
8.570000000000000000e+03 2.379483856539478893e+03
8.580000000000000000e+03 2.379985819883365366e+03
8.590000000000000000e+03 2.380418899123222218e+03
8.600000000000000000e+03 2.380851978363078615e+03
8.610000000000000000e+03 2.381285057602935467e+03
8.620000000000000000e+03 2.381560545019101028e+03
8.630000000000000000e+03 2.381836032435266134e+03
8.640000000000000000e+03 2.382111519851431694e+03
8.650000000000000000e+03 2.382695640700052991e+03
8.660000000000000000e+03 2.383279761548674287e+03
8.670000000000000000e+03 2.383863882397295583e+03
8.680000000000000000e+03 2.384521507768668016e+03
8.690000000000000000e+03 2.385179133140039994e+03
8.700000000000000000e+03 2.385836758511412427e+03
8.710000000000000000e+03 2.386906068073855749e+03
8.720000000000000000e+03 2.387975377636298617e+03
8.730000000000000000e+03 2.389044687198741940e+03
8.740000000000000000e+03 2.390779667988736037e+03
8.750000000000000000e+03 2.392514648778729679e+03
8.760000000000000000e+03 2.394249629568723776e+03
8.770000000000000000e+03 2.396258570790913382e+03
8.780000000000000000e+03 2.398267512013102532e+03
8.790000000000000000e+03 2.400276453235292138e+03
8.800000000000000000e+03 2.402601113384854671e+03
8.810000000000000000e+03 2.404925773534417203e+03
8.820000000000000000e+03 2.407250433683979736e+03
8.830000000000000000e+03 2.409883733597013361e+03
8.840000000000000000e+03 2.412517033510046531e+03
8.850000000000000000e+03 2.415150333423080156e+03
8.860000000000000000e+03 2.417762110647018289e+03
8.870000000000000000e+03 2.420373887870955969e+03
8.880000000000000000e+03 2.422985665094894102e+03
8.890000000000000000e+03 2.425516595918218627e+03
8.900000000000000000e+03 2.428047526741543152e+03
8.910000000000000000e+03 2.430578457564867676e+03
8.920000000000000000e+03 2.432898006120933587e+03
8.930000000000000000e+03 2.435217554676999498e+03
8.940000000000000000e+03 2.437537103233065409e+03
8.950000000000000000e+03 2.439630911635643770e+03
8.960000000000000000e+03 2.441724720038222131e+03
8.970000000000000000e+03 2.443818528440800492e+03
8.980000000000000000e+03 2.445715622257051109e+03
8.990000000000000000e+03 2.447612716073301272e+03
9.000000000000000000e+03 2.449509809889551889e+03
9.010000000000000000e+03 2.450942418808046568e+03
9.020000000000000000e+03 2.452375027726541248e+03
9.030000000000000000e+03 2.453807636645035927e+03
9.040000000000000000e+03 2.455218757067799743e+03
9.050000000000000000e+03 2.456629877490563558e+03
9.060000000000000000e+03 2.458040997913327374e+03
9.070000000000000000e+03 2.458638492587236669e+03
9.080000000000000000e+03 2.459235987261146420e+03
9.090000000000000000e+03 2.459833481935055715e+03
9.100000000000000000e+03 2.459601190940050401e+03
9.110000000000000000e+03 2.459368899945045086e+03
9.120000000000000000e+03 2.459136608950039772e+03
9.130000000000000000e+03 2.458747239734775121e+03
9.140000000000000000e+03 2.458357870519510016e+03
9.150000000000000000e+03 2.457968501304245365e+03
9.160000000000000000e+03 2.458459497307104812e+03
9.170000000000000000e+03 2.458950493309963804e+03
9.180000000000000000e+03 2.459441489312823251e+03
9.190000000000000000e+03 2.459796139096524257e+03
9.200000000000000000e+03 2.460150788880225264e+03
9.210000000000000000e+03 2.460505438663926270e+03
9.220000000000000000e+03 2.460520566557814618e+03
9.230000000000000000e+03 2.460535694451703421e+03
9.240000000000000000e+03 2.460550822345591769e+03
9.250000000000000000e+03 2.461030336748606715e+03
9.260000000000000000e+03 2.461509851151621660e+03
9.270000000000000000e+03 2.461989365554636606e+03
9.280000000000000000e+03 2.462880280354748265e+03
9.290000000000000000e+03 2.463771195154860379e+03
9.300000000000000000e+03 2.464662109954972038e+03
9.310000000000000000e+03 2.466013663747790815e+03
9.320000000000000000e+03 2.467365217540609592e+03
9.330000000000000000e+03 2.468716771333428369e+03
9.340000000000000000e+03 2.470720902272800231e+03
9.350000000000000000e+03 2.472725033212171638e+03
9.360000000000000000e+03 2.474729164151543500e+03
9.370000000000000000e+03 2.477329149769984269e+03
9.380000000000000000e+03 2.479929135388424584e+03
9.390000000000000000e+03 2.482529121006865353e+03
9.400000000000000000e+03 2.485219652174323073e+03
9.410000000000000000e+03 2.487910183341780794e+03
9.420000000000000000e+03 2.490600714509238514e+03
9.430000000000000000e+03 2.493371408008138587e+03
9.440000000000000000e+03 2.496142101507039115e+03
9.450000000000000000e+03 2.498912795005939188e+03
9.460000000000000000e+03 2.501574019792485160e+03
9.470000000000000000e+03 2.504235244579031132e+03
9.480000000000000000e+03 2.506896469365577104e+03
9.490000000000000000e+03 2.509318971886901181e+03
9.500000000000000000e+03 2.511741474408225713e+03
9.510000000000000000e+03 2.514163976929549790e+03
9.520000000000000000e+03 2.516326205208257761e+03
9.530000000000000000e+03 2.518488433486965278e+03
9.540000000000000000e+03 2.520650661765673249e+03
9.550000000000000000e+03 2.522419052262423975e+03
9.560000000000000000e+03 2.524187442759174246e+03
9.570000000000000000e+03 2.525955833255924972e+03
9.580000000000000000e+03 2.527380196139798045e+03
9.590000000000000000e+03 2.528804559023671573e+03
9.600000000000000000e+03 2.530228921907544645e+03
9.610000000000000000e+03 2.531513691584105345e+03
9.620000000000000000e+03 2.532798461260665590e+03
9.630000000000000000e+03 2.534083230937226290e+03
9.640000000000000000e+03 2.535514660585564798e+03
9.650000000000000000e+03 2.536946090233902851e+03
9.660000000000000000e+03 2.538377519882241359e+03
9.670000000000000000e+03 2.539622806265082090e+03
9.680000000000000000e+03 2.540868092647922822e+03
9.690000000000000000e+03 2.542113379030763554e+03
9.700000000000000000e+03 2.542978053866792379e+03
9.710000000000000000e+03 2.543842728702821660e+03
9.720000000000000000e+03 2.544707403538850485e+03
9.730000000000000000e+03 2.545429081737177967e+03
9.740000000000000000e+03 2.546150759935504993e+03
9.750000000000000000e+03 2.546872438133832475e+03
9.760000000000000000e+03 2.547995030889022019e+03
9.770000000000000000e+03 2.549117623644212017e+03
9.780000000000000000e+03 2.550240216399401561e+03
9.790000000000000000e+03 2.550925384119592763e+03
9.800000000000000000e+03 2.551610551839783511e+03
9.810000000000000000e+03 2.552295719559974714e+03
9.820000000000000000e+03 2.552476958548615585e+03
9.830000000000000000e+03 2.552658197537256456e+03
9.840000000000000000e+03 2.552839436525897327e+03
9.850000000000000000e+03 2.553038295102866414e+03
9.860000000000000000e+03 2.553237153679835046e+03
9.870000000000000000e+03 2.553436012256804133e+03
9.880000000000000000e+03 2.553497244433187916e+03
9.890000000000000000e+03 2.553558476609571699e+03
9.900000000000000000e+03 2.553619708785955481e+03
9.910000000000000000e+03 2.553527762381258526e+03
9.920000000000000000e+03 2.553435815976561116e+03
9.930000000000000000e+03 2.553343869571864161e+03
9.940000000000000000e+03 2.553606682621899836e+03
9.950000000000000000e+03 2.553869495671935510e+03
9.960000000000000000e+03 2.554132308721971185e+03
9.970000000000000000e+03 2.554737332858073387e+03
9.980000000000000000e+03 2.555342356994175134e+03
9.990000000000000000e+03 2.555947381130277336e+03
1.000000000000000000e+04 2.556600536828563236e+03
1.001000000000000000e+04 2.557253692526849591e+03
1.002000000000000000e+04 2.557906848225135491e+03
1.003000000000000000e+04 2.558579321114506911e+03
1.004000000000000000e+04 2.559251794003878331e+03
1.005000000000000000e+04 2.559924266893249751e+03
1.006000000000000000e+04 2.560805072544134873e+03
1.007000000000000000e+04 2.561685878195019995e+03
1.008000000000000000e+04 2.562566683845905118e+03
1.009000000000000000e+04 2.563579773790209401e+03
1.010000000000000000e+04 2.564592863734513230e+03
1.011000000000000000e+04 2.565605953678817514e+03
1.012000000000000000e+04 2.566912272476492490e+03
1.013000000000000000e+04 2.568218591274167466e+03
1.014000000000000000e+04 2.569524910071842442e+03
1.015000000000000000e+04 2.570689910373619114e+03
1.016000000000000000e+04 2.571854910675396241e+03
1.017000000000000000e+04 2.573019910977172913e+03
1.018000000000000000e+04 2.574059612491850658e+03
1.019000000000000000e+04 2.575099314006528857e+03
1.020000000000000000e+04 2.576139015521206602e+03
1.021000000000000000e+04 2.577195440588729980e+03
1.022000000000000000e+04 2.578251865656252903e+03
1.023000000000000000e+04 2.579308290723776281e+03
1.024000000000000000e+04 2.580332372382638368e+03
1.025000000000000000e+04 2.581356454041500911e+03
1.026000000000000000e+04 2.582380535700362998e+03
1.027000000000000000e+04 2.583445291136959895e+03
1.028000000000000000e+04 2.584510046573556792e+03
1.029000000000000000e+04 2.585574802010153689e+03
1.030000000000000000e+04 2.586484736044595138e+03
1.031000000000000000e+04 2.587394670079036587e+03
1.032000000000000000e+04 2.588304604113478035e+03
1.033000000000000000e+04 2.589228596485874732e+03
1.034000000000000000e+04 2.590152588858271884e+03
1.035000000000000000e+04 2.591076581230668580e+03
1.036000000000000000e+04 2.591584145943794283e+03
1.037000000000000000e+04 2.592091710656919986e+03
1.038000000000000000e+04 2.592599275370045689e+03
1.039000000000000000e+04 2.592694502523093888e+03
1.040000000000000000e+04 2.592789729676142088e+03
1.041000000000000000e+04 2.592884956829190287e+03
1.042000000000000000e+04 2.593590072760001476e+03
1.043000000000000000e+04 2.594295188690812211e+03
1.044000000000000000e+04 2.595000304621623400e+03
1.045000000000000000e+04 2.594620910630269009e+03
1.046000000000000000e+04 2.594241516638914618e+03
1.047000000000000000e+04 2.593862122647560227e+03
1.048000000000000000e+04 2.593694689376921360e+03
1.049000000000000000e+04 2.593527256106282039e+03
1.050000000000000000e+04 2.593359822835643172e+03
1.051000000000000000e+04 2.593743809296359814e+03
1.052000000000000000e+04 2.594127795757076910e+03
1.053000000000000000e+04 2.594511782217793552e+03
1.054000000000000000e+04 2.595608435706758883e+03
1.055000000000000000e+04 2.596705089195723758e+03
1.056000000000000000e+04 2.597801742684689088e+03
1.057000000000000000e+04 2.600130787141294604e+03
1.058000000000000000e+04 2.602459831597900120e+03
1.059000000000000000e+04 2.604788876054505636e+03
1.060000000000000000e+04 2.606295196896896414e+03
1.061000000000000000e+04 2.607801517739287647e+03
1.062000000000000000e+04 2.609307838581678425e+03
1.063000000000000000e+04 2.610445309917778559e+03
1.064000000000000000e+04 2.611582781253879148e+03
1.065000000000000000e+04 2.612720252589979282e+03
1.066000000000000000e+04 2.615350730634625506e+03
1.067000000000000000e+04 2.617981208679271731e+03
1.068000000000000000e+04 2.620611686723917956e+03
1.069000000000000000e+04 2.621644700264313997e+03
1.070000000000000000e+04 2.622677713804710493e+03
1.071000000000000000e+04 2.623710727345106534e+03
1.072000000000000000e+04 2.625434586672607111e+03
1.073000000000000000e+04 2.627158446000107233e+03
1.074000000000000000e+04 2.628882305327607810e+03
1.075000000000000000e+04 2.630256077776368784e+03
1.076000000000000000e+04 2.631629850225130212e+03
1.077000000000000000e+04 2.633003622673891186e+03
1.078000000000000000e+04 2.634740695305456484e+03
1.079000000000000000e+04 2.636477767937022236e+03
1.080000000000000000e+04 2.638214840568587533e+03
1.081000000000000000e+04 2.640634179416980714e+03
1.082000000000000000e+04 2.643053518265374350e+03
1.083000000000000000e+04 2.645472857113767532e+03
1.084000000000000000e+04 2.648921029375431317e+03
1.085000000000000000e+04 2.652369201637095102e+03
1.086000000000000000e+04 2.655817373898758888e+03
1.087000000000000000e+04 2.660650733169486102e+03
1.088000000000000000e+04 2.665484092440213317e+03
1.089000000000000000e+04 2.670317451710940531e+03
1.090000000000000000e+04 2.676884323222028797e+03
1.091000000000000000e+04 2.683451194733117518e+03
1.092000000000000000e+04 2.690018066244205784e+03
1.093000000000000000e+04 2.698640932098615394e+03
1.094000000000000000e+04 2.707263797953024550e+03
1.095000000000000000e+04 2.715886663807434161e+03
1.096000000000000000e+04 2.726844348215942318e+03
1.097000000000000000e+04 2.737802032624450021e+03
1.098000000000000000e+04 2.748759717032958179e+03
1.099000000000000000e+04 2.762269571550315959e+03
1.100000000000000000e+04 2.775779426067673739e+03
1.101000000000000000e+04 2.789289280585031520e+03
1.102000000000000000e+04 2.805489369346120384e+03
1.103000000000000000e+04 2.821689458107209248e+03
