0.000000000000000000e+00 1.354103040486599639e+03
1.000000000000000000e+01 1.360696828630633945e+03
2.000000000000000000e+01 1.367290616774668251e+03
3.000000000000000000e+01 1.373884404918702558e+03
4.000000000000000000e+01 1.377827347157463237e+03
5.000000000000000000e+01 1.381770289396223689e+03
6.000000000000000000e+01 1.385713231634984368e+03
7.000000000000000000e+01 1.387935011446277258e+03
8.000000000000000000e+01 1.390156791257570376e+03
9.000000000000000000e+01 1.392378571068863266e+03
1.000000000000000000e+02 1.393603537325370780e+03
1.100000000000000000e+02 1.394828503581878522e+03
1.200000000000000000e+02 1.396053469838386036e+03
1.300000000000000000e+02 1.396822869621258860e+03
1.400000000000000000e+02 1.397592269404131457e+03
1.500000000000000000e+02 1.398361669187004281e+03
1.600000000000000000e+02 1.399055880599453531e+03
1.700000000000000000e+02 1.399750092011902552e+03
1.800000000000000000e+02 1.400444303424351801e+03
1.900000000000000000e+02 1.401305068405242082e+03
2.000000000000000000e+02 1.402165833386132590e+03
2.100000000000000000e+02 1.403026598367022871e+03
2.200000000000000000e+02 1.404179255504464663e+03
2.300000000000000000e+02 1.405331912641906229e+03
2.400000000000000000e+02 1.406484569779348021e+03
2.500000000000000000e+02 1.407960287124289380e+03
2.600000000000000000e+02 1.409436004469230738e+03
2.700000000000000000e+02 1.410911721814172097e+03
2.800000000000000000e+02 1.412669729693575164e+03
2.900000000000000000e+02 1.414427737572978003e+03
3.000000000000000000e+02 1.416185745452381070e+03
3.100000000000000000e+02 1.418624388981001175e+03
3.200000000000000000e+02 1.421063032509621507e+03
3.300000000000000000e+02 1.423501676038241612e+03
3.400000000000000000e+02 1.425032329109725197e+03
3.500000000000000000e+02 1.426562982181208781e+03
3.600000000000000000e+02 1.428093635252692366e+03
3.700000000000000000e+02 1.429538967720990286e+03
3.800000000000000000e+02 1.430984300189287978e+03
3.900000000000000000e+02 1.432429632657585898e+03
4.000000000000000000e+02 1.433908807757571367e+03
4.100000000000000000e+02 1.435387982857556608e+03
4.200000000000000000e+02 1.436867157957542076e+03
4.300000000000000000e+02 1.438671314683092760e+03
4.400000000000000000e+02 1.440475471408643443e+03
4.500000000000000000e+02 1.442279628134194127e+03
4.600000000000000000e+02 1.444158028164023563e+03
4.700000000000000000e+02 1.446036428193852771e+03
4.800000000000000000e+02 1.447914828223682207e+03
4.900000000000000000e+02 1.449566750615496630e+03
5.000000000000000000e+02 1.451218673007310827e+03
5.100000000000000000e+02 1.452870595399125250e+03
5.200000000000000000e+02 1.454468885630883733e+03
5.300000000000000000e+02 1.456067175862641989e+03
5.400000000000000000e+02 1.457665466094400472e+03
5.500000000000000000e+02 1.459512280588261547e+03
5.600000000000000000e+02 1.461359095082122849e+03
5.700000000000000000e+02 1.463205909575983924e+03
5.800000000000000000e+02 1.464816234369068297e+03
5.900000000000000000e+02 1.466426559162152898e+03
6.000000000000000000e+02 1.468036883955237272e+03
6.100000000000000000e+02 1.469071080656321783e+03
6.200000000000000000e+02 1.470105277357406521e+03
6.300000000000000000e+02 1.471139474058491032e+03
6.400000000000000000e+02 1.471957128764890740e+03
6.500000000000000000e+02 1.472774783471290448e+03
6.600000000000000000e+02 1.473592438177690155e+03
6.700000000000000000e+02 1.474594728450831553e+03
6.800000000000000000e+02 1.475597018723972951e+03
6.900000000000000000e+02 1.476599308997114349e+03
7.000000000000000000e+02 1.477830710059173953e+03
7.100000000000000000e+02 1.479062111121233329e+03
7.200000000000000000e+02 1.480293512183292933e+03
7.300000000000000000e+02 1.481431329374245934e+03
7.400000000000000000e+02 1.482569146565199162e+03
7.500000000000000000e+02 1.483706963756152163e+03
7.600000000000000000e+02 1.484551920885840673e+03
7.700000000000000000e+02 1.485396878015529410e+03
7.800000000000000000e+02 1.486241835145217919e+03
7.900000000000000000e+02 1.487270604118011988e+03
8.000000000000000000e+02 1.488299373090805830e+03
8.100000000000000000e+02 1.489328142063599898e+03
8.200000000000000000e+02 1.490914369511126097e+03
8.300000000000000000e+02 1.492500596958652295e+03
8.400000000000000000e+02 1.494086824406178494e+03
8.500000000000000000e+02 1.495674172470738085e+03
8.600000000000000000e+02 1.497261520535297677e+03
8.700000000000000000e+02 1.498848868599857269e+03
8.800000000000000000e+02 1.500914030381168232e+03
8.900000000000000000e+02 1.502979192162478967e+03
9.000000000000000000e+02 1.505044353943789929e+03
9.100000000000000000e+02 1.506951401389236935e+03
9.200000000000000000e+02 1.508858448834683713e+03
9.300000000000000000e+02 1.510765496280130719e+03
9.400000000000000000e+02 1.512353209137816066e+03
9.500000000000000000e+02 1.513940921995501412e+03
9.600000000000000000e+02 1.515528634853186759e+03
9.700000000000000000e+02 1.516909170264284739e+03
9.800000000000000000e+02 1.518289705675382947e+03
9.900000000000000000e+02 1.519670241086480928e+03
1.000000000000000000e+03 1.520725983052576112e+03
1.010000000000000000e+03 1.521781725018671068e+03
1.020000000000000000e+03 1.522837466984766252e+03
1.030000000000000000e+03 1.523928132250151975e+03
1.040000000000000000e+03 1.525018797515537472e+03
1.050000000000000000e+03 1.526109462780923195e+03
1.060000000000000000e+03 1.527243184007229274e+03
1.070000000000000000e+03 1.528376905233535126e+03
1.080000000000000000e+03 1.529510626459841205e+03
1.090000000000000000e+03 1.530328968299043254e+03
1.100000000000000000e+03 1.531147310138245075e+03
1.110000000000000000e+03 1.531965651977447123e+03
1.120000000000000000e+03 1.532715626713166330e+03
1.130000000000000000e+03 1.533465601448885536e+03
1.140000000000000000e+03 1.534215576184604743e+03
1.150000000000000000e+03 1.535104655185054298e+03
1.160000000000000000e+03 1.535993734185503854e+03
1.170000000000000000e+03 1.536882813185953410e+03
1.180000000000000000e+03 1.538351970966475164e+03
1.190000000000000000e+03 1.539821128746997147e+03
1.200000000000000000e+03 1.541290286527518901e+03
1.210000000000000000e+03 1.542996674800790061e+03
1.220000000000000000e+03 1.544703063074061220e+03
1.230000000000000000e+03 1.546409451347332379e+03
1.240000000000000000e+03 1.547866463624630114e+03
1.250000000000000000e+03 1.549323475901927850e+03
1.260000000000000000e+03 1.550780488179225586e+03
1.270000000000000000e+03 1.552397688313242043e+03
1.280000000000000000e+03 1.554014888447258727e+03
1.290000000000000000e+03 1.555632088581275184e+03
1.300000000000000000e+03 1.558135533502532098e+03
1.310000000000000000e+03 1.560638978423788785e+03
1.320000000000000000e+03 1.563142423345045700e+03
1.330000000000000000e+03 1.564634632207055574e+03
1.340000000000000000e+03 1.566126841069065676e+03
1.350000000000000000e+03 1.567619049931075551e+03
1.360000000000000000e+03 1.569217025042573596e+03
1.370000000000000000e+03 1.570815000154071868e+03
1.380000000000000000e+03 1.572412975265569912e+03
1.390000000000000000e+03 1.574085998065935655e+03
1.400000000000000000e+03 1.575759020866301626e+03
1.410000000000000000e+03 1.577432043666667369e+03
1.420000000000000000e+03 1.579261357157293560e+03
1.430000000000000000e+03 1.581090670647919978e+03
1.440000000000000000e+03 1.582919984138546170e+03
1.450000000000000000e+03 1.585074462196438390e+03
1.460000000000000000e+03 1.587228940254330382e+03
1.470000000000000000e+03 1.589383418312222602e+03
1.480000000000000000e+03 1.591591115127225521e+03
1.490000000000000000e+03 1.593798811942228667e+03
1.500000000000000000e+03 1.596006508757231586e+03
1.510000000000000000e+03 1.597798164371849907e+03
1.520000000000000000e+03 1.599589819986468456e+03
1.530000000000000000e+03 1.601381475601086777e+03
1.540000000000000000e+03 1.603255074185635749e+03
1.550000000000000000e+03 1.605128672770184494e+03
1.560000000000000000e+03 1.607002271354733466e+03
1.570000000000000000e+03 1.608526899851726057e+03
1.580000000000000000e+03 1.610051528348718421e+03
1.590000000000000000e+03 1.611576156845711012e+03
1.600000000000000000e+03 1.612611462919297992e+03
1.610000000000000000e+03 1.613646768992884972e+03
1.620000000000000000e+03 1.614682075066471953e+03
1.630000000000000000e+03 1.615574161786340255e+03
1.640000000000000000e+03 1.616466248506208785e+03
1.650000000000000000e+03 1.617358335226077088e+03
1.660000000000000000e+03 1.618407985815113534e+03
1.670000000000000000e+03 1.619457636404149753e+03
1.680000000000000000e+03 1.620507286993186199e+03
1.690000000000000000e+03 1.621243880844604519e+03
1.700000000000000000e+03 1.621980474696022611e+03
1.710000000000000000e+03 1.622717068547440931e+03
1.720000000000000000e+03 1.623166755156566524e+03
1.730000000000000000e+03 1.623616441765692116e+03
1.740000000000000000e+03 1.624066128374817708e+03
1.750000000000000000e+03 1.624281329301038568e+03
1.760000000000000000e+03 1.624496530227259200e+03
1.770000000000000000e+03 1.624711731153480059e+03
1.780000000000000000e+03 1.625069967400661199e+03
1.790000000000000000e+03 1.625428203647842565e+03
1.800000000000000000e+03 1.625786439895023705e+03
1.810000000000000000e+03 1.626748566358254720e+03
1.820000000000000000e+03 1.627710692821485736e+03
1.830000000000000000e+03 1.628672819284716752e+03
1.840000000000000000e+03 1.629439853936462896e+03
1.850000000000000000e+03 1.630206888588209040e+03
1.860000000000000000e+03 1.630973923239955184e+03
1.870000000000000000e+03 1.631964005153391327e+03
1.880000000000000000e+03 1.632954087066827469e+03
1.890000000000000000e+03 1.633944168980263612e+03
1.900000000000000000e+03 1.635447939198102404e+03
1.910000000000000000e+03 1.636951709415941423e+03
1.920000000000000000e+03 1.638455479633780214e+03
1.930000000000000000e+03 1.638899482001782189e+03
1.940000000000000000e+03 1.639343484369784392e+03
1.950000000000000000e+03 1.639787486737786367e+03
1.960000000000000000e+03 1.640189677348458872e+03
1.970000000000000000e+03 1.640591867959131605e+03
1.980000000000000000e+03 1.640994058569804110e+03
1.990000000000000000e+03 1.641473683461048495e+03
2.000000000000000000e+03 1.641953308352292879e+03
2.010000000000000000e+03 1.642432933243537263e+03
2.020000000000000000e+03 1.642624704497299945e+03
2.030000000000000000e+03 1.642816475751062853e+03
2.040000000000000000e+03 1.643008247004825535e+03
2.050000000000000000e+03 1.643667147884166297e+03
2.060000000000000000e+03 1.644326048763507060e+03
2.070000000000000000e+03 1.644984949642847823e+03
2.080000000000000000e+03 1.644935150269794804e+03
2.090000000000000000e+03 1.644885350896742011e+03
2.100000000000000000e+03 1.644835551523688991e+03
2.110000000000000000e+03 1.644773336532818348e+03
2.120000000000000000e+03 1.644711121541947705e+03
2.130000000000000000e+03 1.644648906551077062e+03
2.140000000000000000e+03 1.644986007577575037e+03
2.150000000000000000e+03 1.645323108604073013e+03
2.160000000000000000e+03 1.645660209630570989e+03
2.170000000000000000e+03 1.646306621801390293e+03
2.180000000000000000e+03 1.646953033972209369e+03
2.190000000000000000e+03 1.647599446143028672e+03
2.200000000000000000e+03 1.649036652746586469e+03
2.210000000000000000e+03 1.650473859350144494e+03
2.220000000000000000e+03 1.651911065953702291e+03
2.230000000000000000e+03 1.653416737942958434e+03
2.240000000000000000e+03 1.654922409932214350e+03
2.250000000000000000e+03 1.656428081921470493e+03
2.260000000000000000e+03 1.658016504883170228e+03
2.270000000000000000e+03 1.659604927844869735e+03
2.280000000000000000e+03 1.661193350806569470e+03
2.290000000000000000e+03 1.663205693634145064e+03
2.300000000000000000e+03 1.665218036461720658e+03
2.310000000000000000e+03 1.667230379289296252e+03
2.320000000000000000e+03 1.669361652481472220e+03
2.330000000000000000e+03 1.671492925673647960e+03
2.340000000000000000e+03 1.673624198865823928e+03
2.350000000000000000e+03 1.676157850682414846e+03
2.360000000000000000e+03 1.678691502499005765e+03
2.370000000000000000e+03 1.681225154315596683e+03
2.380000000000000000e+03 1.683410901646809862e+03
2.390000000000000000e+03 1.685596648978022813e+03
2.400000000000000000e+03 1.687782396309235992e+03
2.410000000000000000e+03 1.689802475630516938e+03
2.420000000000000000e+03 1.691822554951797656e+03
2.430000000000000000e+03 1.693842634273078602e+03
2.440000000000000000e+03 1.695832227401674572e+03
2.450000000000000000e+03 1.697821820530270543e+03
2.460000000000000000e+03 1.699811413658866513e+03
2.470000000000000000e+03 1.702045939997288997e+03
2.480000000000000000e+03 1.704280466335711253e+03
2.490000000000000000e+03 1.706514992674133737e+03
2.500000000000000000e+03 1.706726362651554382e+03
2.510000000000000000e+03 1.706937732628975027e+03
2.520000000000000000e+03 1.707149102606395672e+03
2.530000000000000000e+03 1.706722666863207905e+03
2.540000000000000000e+03 1.706296231120019911e+03
2.550000000000000000e+03 1.705869795376832144e+03
2.560000000000000000e+03 1.705540459772883651e+03
2.570000000000000000e+03 1.705211124168935385e+03
2.580000000000000000e+03 1.704881788564986891e+03
2.590000000000000000e+03 1.704731870623533041e+03
2.600000000000000000e+03 1.704581952682078963e+03
2.610000000000000000e+03 1.704432034740625113e+03
2.620000000000000000e+03 1.704516537272231062e+03
2.630000000000000000e+03 1.704601039803837239e+03
2.640000000000000000e+03 1.704685542335443188e+03
2.650000000000000000e+03 1.705023779758678302e+03
2.660000000000000000e+03 1.705362017181913643e+03
2.670000000000000000e+03 1.705700254605148757e+03
2.680000000000000000e+03 1.706272912501443898e+03
2.690000000000000000e+03 1.706845570397739266e+03
2.700000000000000000e+03 1.707418228294034407e+03
2.710000000000000000e+03 1.708170303852824190e+03
2.720000000000000000e+03 1.708922379411613747e+03
2.730000000000000000e+03 1.709674454970403531e+03
2.740000000000000000e+03 1.710523630668432588e+03
2.750000000000000000e+03 1.711372806366461873e+03
2.760000000000000000e+03 1.712221982064490930e+03
2.770000000000000000e+03 1.713071157762519988e+03
2.780000000000000000e+03 1.713920333460549273e+03
2.790000000000000000e+03 1.714769509158578330e+03
2.800000000000000000e+03 1.715521584717367887e+03
2.810000000000000000e+03 1.716273660276157671e+03
2.820000000000000000e+03 1.717025735834947227e+03
2.830000000000000000e+03 1.717598393731242368e+03
2.840000000000000000e+03 1.718171051627537736e+03
2.850000000000000000e+03 1.718743709523832877e+03
2.860000000000000000e+03 1.719081946947067991e+03
2.870000000000000000e+03 1.719420184370303332e+03
2.880000000000000000e+03 1.719758421793538446e+03
2.890000000000000000e+03 1.719842924325144622e+03
2.900000000000000000e+03 1.719927426856750571e+03
2.910000000000000000e+03 1.720011929388356748e+03
2.920000000000000000e+03 1.719862011446902898e+03
2.930000000000000000e+03 1.719712093505448820e+03
2.940000000000000000e+03 1.719562175563994970e+03
2.950000000000000000e+03 1.719232839960046476e+03
2.960000000000000000e+03 1.718903504356098210e+03
2.970000000000000000e+03 1.718574168752149717e+03
2.980000000000000000e+03 1.718147733008961723e+03
2.990000000000000000e+03 1.717721297265773956e+03
3.000000000000000000e+03 1.717294861522585961e+03
3.010000000000000000e+03 1.717750934591718760e+03
3.020000000000000000e+03 1.718207007660851559e+03
3.030000000000000000e+03 1.718663080729984358e+03
3.040000000000000000e+03 1.719157241387444401e+03
3.050000000000000000e+03 1.719651402044904671e+03
3.060000000000000000e+03 1.720145562702364714e+03
3.070000000000000000e+03 1.720335314636372686e+03
3.080000000000000000e+03 1.720525066570380432e+03
3.090000000000000000e+03 1.720714818504388404e+03
3.100000000000000000e+03 1.720584553164847648e+03
3.110000000000000000e+03 1.720454287825306665e+03
3.120000000000000000e+03 1.720324022485765909e+03
3.130000000000000000e+03 1.720450373169059503e+03
3.140000000000000000e+03 1.720576723852353325e+03
3.150000000000000000e+03 1.720703074535646920e+03
3.160000000000000000e+03 1.720874019780811750e+03
3.170000000000000000e+03 1.721044965025976353e+03
3.180000000000000000e+03 1.721215910271141183e+03
3.190000000000000000e+03 1.721513060656050811e+03
3.200000000000000000e+03 1.721810211040960667e+03
3.210000000000000000e+03 1.722107361425870295e+03
3.220000000000000000e+03 1.722565095573926101e+03
3.230000000000000000e+03 1.723022829721981907e+03
3.240000000000000000e+03 1.723480563870037713e+03
3.250000000000000000e+03 1.724388520306888950e+03
3.260000000000000000e+03 1.725296476743739959e+03
3.270000000000000000e+03 1.726204433180591195e+03
3.280000000000000000e+03 1.727194541006025247e+03
3.290000000000000000e+03 1.728184648831459299e+03
3.300000000000000000e+03 1.729174756656893351e+03
3.310000000000000000e+03 1.730592514549008683e+03
3.320000000000000000e+03 1.732010272441124016e+03
3.330000000000000000e+03 1.733428030333239349e+03
3.340000000000000000e+03 1.734871709658448026e+03
3.350000000000000000e+03 1.736315388983656703e+03
3.360000000000000000e+03 1.737759068308865380e+03
3.370000000000000000e+03 1.739083682141364307e+03
3.380000000000000000e+03 1.740408295973863460e+03
3.390000000000000000e+03 1.741732909806362386e+03
3.400000000000000000e+03 1.743327175754190193e+03
3.410000000000000000e+03 1.744921441702018001e+03
3.420000000000000000e+03 1.746515707649845808e+03
3.430000000000000000e+03 1.748060080605378744e+03
3.440000000000000000e+03 1.749604453560911452e+03
3.450000000000000000e+03 1.751148826516444387e+03
3.460000000000000000e+03 1.752497576658192884e+03
3.470000000000000000e+03 1.753846326799941608e+03
3.480000000000000000e+03 1.755195076941690104e+03
3.490000000000000000e+03 1.757021822162266744e+03
3.500000000000000000e+03 1.758848567382843385e+03
3.510000000000000000e+03 1.760675312603420025e+03
3.520000000000000000e+03 1.762430650933508787e+03
3.530000000000000000e+03 1.764185989263597548e+03
3.540000000000000000e+03 1.765941327593686310e+03
3.550000000000000000e+03 1.767584709754767573e+03
3.560000000000000000e+03 1.769228091915849063e+03
3.570000000000000000e+03 1.770871474076930326e+03
3.580000000000000000e+03 1.772323586564135439e+03
3.590000000000000000e+03 1.773775699051340780e+03
3.600000000000000000e+03 1.775227811538545893e+03
3.610000000000000000e+03 1.776670260572246661e+03
3.620000000000000000e+03 1.778112709605947657e+03
3.630000000000000000e+03 1.779555158639648425e+03
3.640000000000000000e+03 1.780654121812632866e+03
3.650000000000000000e+03 1.781753084985617534e+03
3.660000000000000000e+03 1.782852048158601974e+03
3.670000000000000000e+03 1.783637574188011513e+03
3.680000000000000000e+03 1.784423100217421279e+03
3.690000000000000000e+03 1.785208626246830818e+03
3.700000000000000000e+03 1.785519590613895389e+03
3.710000000000000000e+03 1.785830554980959732e+03
3.720000000000000000e+03 1.786141519348024303e+03
3.730000000000000000e+03 1.786352815914504617e+03
3.740000000000000000e+03 1.786564112480984704e+03
3.750000000000000000e+03 1.786775409047465018e+03
3.760000000000000000e+03 1.786730998714279622e+03
3.770000000000000000e+03 1.786686588381093998e+03
3.780000000000000000e+03 1.786642178047908601e+03
3.790000000000000000e+03 1.786522467074609722e+03
3.800000000000000000e+03 1.786402756101311070e+03
3.810000000000000000e+03 1.786283045128012191e+03
3.820000000000000000e+03 1.786123287197849550e+03
3.830000000000000000e+03 1.785963529267686908e+03
3.840000000000000000e+03 1.785803771337524267e+03
3.850000000000000000e+03 1.786057531006750423e+03
3.860000000000000000e+03 1.786311290675976352e+03
3.870000000000000000e+03 1.786565050345202508e+03
3.880000000000000000e+03 1.787083917671165636e+03
3.890000000000000000e+03 1.787602784997128765e+03
3.900000000000000000e+03 1.788121652323091894e+03
3.910000000000000000e+03 1.788910942814902000e+03
3.920000000000000000e+03 1.789700233306712107e+03
3.930000000000000000e+03 1.790489523798522214e+03
3.940000000000000000e+03 1.791145593778671582e+03
3.950000000000000000e+03 1.791801663758820723e+03
3.960000000000000000e+03 1.792457733738970092e+03
3.970000000000000000e+03 1.793080076848794761e+03
3.980000000000000000e+03 1.793702419958619430e+03
3.990000000000000000e+03 1.794324763068444099e+03
4.000000000000000000e+03 1.795115414055400606e+03
4.010000000000000000e+03 1.795906065042357113e+03
4.020000000000000000e+03 1.796696716029313620e+03
4.030000000000000000e+03 1.797531236528887575e+03
4.040000000000000000e+03 1.798365757028461758e+03
4.050000000000000000e+03 1.799200277528035713e+03
4.060000000000000000e+03 1.799768986163766158e+03
4.070000000000000000e+03 1.800337694799496830e+03
4.080000000000000000e+03 1.800906403435227276e+03
4.090000000000000000e+03 1.801655406846682126e+03
4.100000000000000000e+03 1.802404410258136977e+03
4.110000000000000000e+03 1.803153413669591828e+03
4.120000000000000000e+03 1.803921945171642392e+03
4.130000000000000000e+03 1.804690476673693183e+03
4.140000000000000000e+03 1.805459008175743747e+03
4.150000000000000000e+03 1.806037168689269265e+03
4.160000000000000000e+03 1.806615329202794783e+03
4.170000000000000000e+03 1.807193489716320300e+03
4.180000000000000000e+03 1.807823176943868248e+03
4.190000000000000000e+03 1.808452864171416422e+03
4.200000000000000000e+03 1.809082551398964370e+03
4.210000000000000000e+03 1.809614562931677028e+03
4.220000000000000000e+03 1.810146574464389460e+03
4.230000000000000000e+03 1.810678585997102118e+03
4.240000000000000000e+03 1.811366949506791343e+03
4.250000000000000000e+03 1.812055313016480341e+03
4.260000000000000000e+03 1.812743676526169565e+03
4.270000000000000000e+03 1.813489457687156801e+03
4.280000000000000000e+03 1.814235238848143808e+03
4.290000000000000000e+03 1.814981020009131043e+03
4.300000000000000000e+03 1.815951758272859252e+03
4.310000000000000000e+03 1.816922496536587687e+03
4.320000000000000000e+03 1.817893234800315895e+03
4.330000000000000000e+03 1.818810290197340692e+03
4.340000000000000000e+03 1.819727345594365715e+03
4.350000000000000000e+03 1.820644400991390512e+03
4.360000000000000000e+03 1.821429297583393236e+03
4.370000000000000000e+03 1.822214194175396187e+03
4.380000000000000000e+03 1.822999090767398911e+03
4.390000000000000000e+03 1.823728303155053709e+03
4.400000000000000000e+03 1.824457515542708506e+03
4.410000000000000000e+03 1.825186727930363304e+03
4.420000000000000000e+03 1.825870909970554067e+03
4.430000000000000000e+03 1.826555092010744602e+03
4.440000000000000000e+03 1.827239274050935364e+03
4.450000000000000000e+03 1.827880373719000318e+03
4.460000000000000000e+03 1.828521473387065498e+03
4.470000000000000000e+03 1.829162573055130451e+03
4.480000000000000000e+03 1.829884867009919390e+03
4.490000000000000000e+03 1.830607160964708555e+03
4.500000000000000000e+03 1.831329454919497493e+03
4.510000000000000000e+03 1.832164433260089254e+03
4.520000000000000000e+03 1.832999411600680787e+03
4.530000000000000000e+03 1.833834389941272548e+03
4.540000000000000000e+03 1.834532022022431420e+03
4.550000000000000000e+03 1.835229654103590519e+03
4.560000000000000000e+03 1.835927286184749391e+03
4.570000000000000000e+03 1.836789720217532022e+03
4.580000000000000000e+03 1.837652154250314425e+03
4.590000000000000000e+03 1.838514588283097055e+03
4.600000000000000000e+03 1.839352147436052519e+03
4.610000000000000000e+03 1.840189706589008210e+03
4.620000000000000000e+03 1.841027265741963674e+03
4.630000000000000000e+03 1.842036385824872468e+03
4.640000000000000000e+03 1.843045505907781262e+03
4.650000000000000000e+03 1.844054625990690056e+03
4.660000000000000000e+03 1.845210153983314967e+03
4.670000000000000000e+03 1.846365681975939651e+03
4.680000000000000000e+03 1.847521209968564563e+03
4.690000000000000000e+03 1.848903370106578905e+03
4.700000000000000000e+03 1.850285530244593247e+03
4.710000000000000000e+03 1.851667690382607589e+03
4.720000000000000000e+03 1.853247997924740503e+03
4.730000000000000000e+03 1.854828305466873417e+03
4.740000000000000000e+03 1.856408613009006331e+03
4.750000000000000000e+03 1.857995502336635127e+03
4.760000000000000000e+03 1.859582391664263923e+03
4.770000000000000000e+03 1.861169280991892720e+03
4.780000000000000000e+03 1.862599560150559455e+03
4.790000000000000000e+03 1.864029839309226418e+03
4.800000000000000000e+03 1.865460118467893153e+03
4.810000000000000000e+03 1.866720057527272047e+03
4.820000000000000000e+03 1.867979996586651168e+03
4.830000000000000000e+03 1.869239935646030062e+03
4.840000000000000000e+03 1.870508765475720793e+03
4.850000000000000000e+03 1.871777595305411523e+03
4.860000000000000000e+03 1.873046425135102254e+03
4.870000000000000000e+03 1.874122994013689777e+03
4.880000000000000000e+03 1.875199562892277072e+03
4.890000000000000000e+03 1.876276131770864595e+03
4.900000000000000000e+03 1.877583294061574406e+03
4.910000000000000000e+03 1.878890456352283991e+03
4.920000000000000000e+03 1.880197618642993802e+03
4.930000000000000000e+03 1.881538750658294248e+03
4.940000000000000000e+03 1.882879882673594921e+03
4.950000000000000000e+03 1.884221014688895366e+03
4.960000000000000000e+03 1.885627701770235717e+03
4.970000000000000000e+03 1.887034388851576296e+03
4.980000000000000000e+03 1.888441075932916647e+03
4.990000000000000000e+03 1.889996713023188477e+03
5.000000000000000000e+03 1.891552350113460079e+03
5.010000000000000000e+03 1.893107987203731909e+03
5.020000000000000000e+03 1.895045718434129867e+03
5.030000000000000000e+03 1.896983449664527825e+03
5.040000000000000000e+03 1.898921180894925783e+03
5.050000000000000000e+03 1.901262735384505959e+03
5.060000000000000000e+03 1.903604289874086362e+03
5.070000000000000000e+03 1.905945844363666538e+03
5.080000000000000000e+03 1.908407586912559282e+03
5.090000000000000000e+03 1.910869329461451798e+03
5.100000000000000000e+03 1.913331072010344542e+03
5.110000000000000000e+03 1.916228165711260090e+03
5.120000000000000000e+03 1.919125259412175865e+03
5.130000000000000000e+03 1.922022353113091413e+03
5.140000000000000000e+03 1.925243188007736308e+03
5.150000000000000000e+03 1.928464022902380975e+03
5.160000000000000000e+03 1.931684857797025870e+03
5.170000000000000000e+03 1.935258353329813644e+03
5.180000000000000000e+03 1.938831848862601646e+03
5.190000000000000000e+03 1.942405344395389420e+03
5.200000000000000000e+03 1.946623367152123137e+03
5.210000000000000000e+03 1.950841389908857082e+03
5.220000000000000000e+03 1.955059412665590798e+03
5.230000000000000000e+03 1.959191219366743098e+03
5.240000000000000000e+03 1.963323026067895171e+03
5.250000000000000000e+03 1.967454832769047471e+03
5.260000000000000000e+03 1.972004851179001435e+03
5.270000000000000000e+03 1.976554869588955626e+03
5.280000000000000000e+03 1.981104887998909589e+03
5.290000000000000000e+03 1.985784786859752103e+03
5.300000000000000000e+03 1.990464685720594389e+03
5.310000000000000000e+03 1.995144584581436902e+03
5.320000000000000000e+03 2.000082071466829802e+03
5.330000000000000000e+03 2.005019558352222475e+03
5.340000000000000000e+03 2.009957045237615375e+03
5.350000000000000000e+03 2.015200721564602418e+03
5.360000000000000000e+03 2.020444397891589688e+03
5.370000000000000000e+03 2.025688074218576730e+03
5.380000000000000000e+03 2.030893437937822682e+03
5.390000000000000000e+03 2.036098801657068634e+03
5.400000000000000000e+03 2.041304165376314586e+03
5.410000000000000000e+03 2.046414801223853829e+03
5.420000000000000000e+03 2.051525437071392844e+03
5.430000000000000000e+03 2.056636072918932314e+03
5.440000000000000000e+03 2.061495009971562922e+03
5.450000000000000000e+03 2.066353947024193531e+03
5.460000000000000000e+03 2.071212884076824139e+03
5.470000000000000000e+03 2.075765285423469777e+03
5.480000000000000000e+03 2.080317686770115415e+03
5.490000000000000000e+03 2.084870088116761053e+03
5.500000000000000000e+03 2.089230670825308152e+03
5.510000000000000000e+03 2.093591253533855252e+03
5.520000000000000000e+03 2.097951836242402351e+03
5.530000000000000000e+03 2.101978417750779954e+03
5.540000000000000000e+03 2.106004999259157103e+03
5.550000000000000000e+03 2.110031580767534706e+03
5.560000000000000000e+03 2.113461688225587750e+03
5.570000000000000000e+03 2.116891795683640339e+03
5.580000000000000000e+03 2.120321903141693383e+03
5.590000000000000000e+03 2.123433232403443981e+03
5.600000000000000000e+03 2.126544561665194124e+03
5.610000000000000000e+03 2.129655890926944721e+03
5.620000000000000000e+03 2.132571771213039028e+03
5.630000000000000000e+03 2.135487651499133790e+03
5.640000000000000000e+03 2.138403531785228097e+03
5.650000000000000000e+03 2.141394347217072664e+03
5.660000000000000000e+03 2.144385162648916776e+03
5.670000000000000000e+03 2.147375978080761342e+03
5.680000000000000000e+03 2.149936668393560012e+03
5.690000000000000000e+03 2.152497358706358682e+03
5.700000000000000000e+03 2.155058049019157352e+03
5.710000000000000000e+03 2.157801935345675247e+03
5.720000000000000000e+03 2.160545821672192687e+03
5.730000000000000000e+03 2.163289707998710583e+03
5.740000000000000000e+03 2.165884154925523035e+03
5.750000000000000000e+03 2.168478601852335487e+03
5.760000000000000000e+03 2.171073048779147939e+03
5.770000000000000000e+03 2.173838185080689527e+03
5.780000000000000000e+03 2.176603321382231570e+03
5.790000000000000000e+03 2.179368457683773158e+03
5.800000000000000000e+03 2.182625968609246684e+03
5.810000000000000000e+03 2.185883479534720209e+03
5.820000000000000000e+03 2.189140990460193734e+03
5.830000000000000000e+03 2.192246368195121704e+03
5.840000000000000000e+03 2.195351745930050129e+03
5.850000000000000000e+03 2.198457123664978099e+03
5.860000000000000000e+03 2.201994698858140509e+03
5.870000000000000000e+03 2.205532274051302466e+03
5.880000000000000000e+03 2.209069849244464876e+03
5.890000000000000000e+03 2.213006431147138301e+03
5.900000000000000000e+03 2.216943013049811270e+03
5.910000000000000000e+03 2.220879594952484695e+03
5.920000000000000000e+03 2.224825323284798287e+03
5.930000000000000000e+03 2.228771051617111880e+03
5.940000000000000000e+03 2.232716779949425472e+03
5.950000000000000000e+03 2.236744577066820966e+03
5.960000000000000000e+03 2.240772374184216460e+03
5.970000000000000000e+03 2.244800171301611954e+03
5.980000000000000000e+03 2.248914372259540869e+03
5.990000000000000000e+03 2.253028573217469329e+03
6.000000000000000000e+03 2.257142774175398245e+03
6.010000000000000000e+03 2.261052127870033473e+03
6.020000000000000000e+03 2.264961481564668702e+03
6.030000000000000000e+03 2.268870835259303931e+03
6.040000000000000000e+03 2.272528526265971777e+03
6.050000000000000000e+03 2.276186217272639624e+03
6.060000000000000000e+03 2.279843908279307470e+03
6.070000000000000000e+03 2.283296829960079776e+03
6.080000000000000000e+03 2.286749751640852537e+03
6.090000000000000000e+03 2.290202673321624843e+03
6.100000000000000000e+03 2.293809947092874154e+03
6.110000000000000000e+03 2.297417220864123010e+03
6.120000000000000000e+03 2.301024494635372321e+03
6.130000000000000000e+03 2.304192348482518355e+03
6.140000000000000000e+03 2.307360202329664389e+03
6.150000000000000000e+03 2.310528056176810423e+03
6.160000000000000000e+03 2.313206543219597734e+03
6.170000000000000000e+03 2.315885030262385499e+03
6.180000000000000000e+03 2.318563517305172809e+03
6.190000000000000000e+03 2.321011551671502275e+03
6.200000000000000000e+03 2.323459586037831741e+03
6.210000000000000000e+03 2.325907620404161207e+03
6.220000000000000000e+03 2.328206227198403667e+03
6.230000000000000000e+03 2.330504833992645672e+03
6.240000000000000000e+03 2.332803440786888132e+03
6.250000000000000000e+03 2.335171772308612617e+03
6.260000000000000000e+03 2.337540103830337557e+03
6.270000000000000000e+03 2.339908435352062043e+03
6.280000000000000000e+03 2.342625782994688507e+03
6.290000000000000000e+03 2.345343130637315426e+03
6.300000000000000000e+03 2.348060478279941890e+03
6.310000000000000000e+03 2.350903425908611553e+03
6.320000000000000000e+03 2.353746373537281670e+03
6.330000000000000000e+03 2.356589321165951333e+03
6.340000000000000000e+03 2.359463848390802923e+03
6.350000000000000000e+03 2.362338375615654513e+03
6.360000000000000000e+03 2.365212902840506104e+03
6.370000000000000000e+03 2.368271608279647808e+03
6.380000000000000000e+03 2.371330313718789512e+03
6.390000000000000000e+03 2.374389019157931216e+03
6.400000000000000000e+03 2.377114778661887613e+03
6.410000000000000000e+03 2.379840538165844464e+03
6.420000000000000000e+03 2.382566297669800861e+03
6.430000000000000000e+03 2.385196612907082908e+03
6.440000000000000000e+03 2.387826928144365411e+03
6.450000000000000000e+03 2.390457243381647459e+03
6.460000000000000000e+03 2.393878723869398527e+03
6.470000000000000000e+03 2.397300204357150051e+03
6.480000000000000000e+03 2.400721684844901120e+03
6.490000000000000000e+03 2.404362879777712351e+03
6.500000000000000000e+03 2.408004074710523128e+03
6.510000000000000000e+03 2.411645269643334359e+03
6.520000000000000000e+03 2.415211136468823042e+03
6.530000000000000000e+03 2.418777003294311271e+03
6.540000000000000000e+03 2.422342870119799954e+03
6.550000000000000000e+03 2.426542125260612920e+03
6.560000000000000000e+03 2.430741380401425886e+03
6.570000000000000000e+03 2.434940635542238851e+03
6.580000000000000000e+03 2.439634521816799406e+03
6.590000000000000000e+03 2.444328408091360416e+03
6.600000000000000000e+03 2.449022294365920970e+03
6.610000000000000000e+03 2.454544663425140698e+03
6.620000000000000000e+03 2.460067032484359970e+03
6.630000000000000000e+03 2.465589401543579697e+03
6.640000000000000000e+03 2.471469746217825104e+03
6.650000000000000000e+03 2.477350090892070966e+03
6.660000000000000000e+03 2.483230435566316373e+03
6.670000000000000000e+03 2.489388558107017616e+03
6.680000000000000000e+03 2.495546680647719313e+03
6.690000000000000000e+03 2.501704803188420556e+03
6.700000000000000000e+03 2.508681105433246557e+03
6.710000000000000000e+03 2.515657407678072559e+03
6.720000000000000000e+03 2.522633709922898561e+03
6.730000000000000000e+03 2.529846339711515611e+03
6.740000000000000000e+03 2.537058969500133117e+03
6.750000000000000000e+03 2.544271599288750167e+03
6.760000000000000000e+03 2.551574012657373260e+03
6.770000000000000000e+03 2.558876426025996807e+03
6.780000000000000000e+03 2.566178839394619899e+03
6.790000000000000000e+03 2.573593650093948781e+03
6.800000000000000000e+03 2.581008460793277663e+03
6.810000000000000000e+03 2.588423271492606546e+03
6.820000000000000000e+03 2.595728594327853443e+03
6.830000000000000000e+03 2.603033917163100796e+03
6.840000000000000000e+03 2.610339239998347693e+03
6.850000000000000000e+03 2.617326347137705852e+03
6.860000000000000000e+03 2.624313454277063556e+03
6.870000000000000000e+03 2.631300561416421715e+03
6.880000000000000000e+03 2.638077594504751232e+03
6.890000000000000000e+03 2.644854627593080750e+03
6.900000000000000000e+03 2.651631660681410267e+03
6.910000000000000000e+03 2.657866793601670906e+03
6.920000000000000000e+03 2.664101926521932000e+03
6.930000000000000000e+03 2.670337059442192640e+03
6.940000000000000000e+03 2.676535371301836676e+03
6.950000000000000000e+03 2.682733683161481167e+03
6.960000000000000000e+03 2.688931995021125203e+03
6.970000000000000000e+03 2.694732345524549146e+03
6.980000000000000000e+03 2.700532696027973088e+03
6.990000000000000000e+03 2.706333046531397031e+03
7.000000000000000000e+03 2.711400173242318942e+03
7.010000000000000000e+03 2.716467299953240854e+03
7.020000000000000000e+03 2.721534426664162766e+03
7.030000000000000000e+03 2.726384608034908069e+03
7.040000000000000000e+03 2.731234789405653373e+03
7.050000000000000000e+03 2.736084970776398677e+03
7.060000000000000000e+03 2.740594823067601283e+03
7.070000000000000000e+03 2.745104675358803433e+03
7.080000000000000000e+03 2.749614527650006039e+03
7.090000000000000000e+03 2.753828847622606190e+03
7.100000000000000000e+03 2.758043167595205887e+03
7.110000000000000000e+03 2.762257487567806038e+03
7.120000000000000000e+03 2.766230999403326678e+03
7.130000000000000000e+03 2.770204511238846862e+03
7.140000000000000000e+03 2.774178023074367502e+03
7.150000000000000000e+03 2.777973659931798011e+03
7.160000000000000000e+03 2.781769296789228520e+03
7.170000000000000000e+03 2.785564933646659028e+03
7.180000000000000000e+03 2.789252119218538155e+03
7.190000000000000000e+03 2.792939304790417737e+03
7.200000000000000000e+03 2.796626490362296863e+03
7.210000000000000000e+03 2.800279420430795653e+03
7.220000000000000000e+03 2.803932350499293989e+03
7.230000000000000000e+03 2.807585280567792779e+03
7.240000000000000000e+03 2.811281204560795686e+03
7.250000000000000000e+03 2.814977128553798138e+03
7.260000000000000000e+03 2.818673052546801046e+03
7.270000000000000000e+03 2.822490555093990679e+03
7.280000000000000000e+03 2.826308057641179857e+03
7.290000000000000000e+03 2.830125560188369491e+03
7.300000000000000000e+03 2.834142842677307726e+03
7.310000000000000000e+03 2.838160125166246416e+03
