0.000000000000000000e+00 1.631729904848036767e+03
1.000000000000000000e+01 1.632060405076267443e+03
2.000000000000000000e+01 1.632390905304497892e+03
3.000000000000000000e+01 1.632721405532728568e+03
4.000000000000000000e+01 1.632569705617628415e+03
5.000000000000000000e+01 1.632418005702528262e+03
6.000000000000000000e+01 1.632266305787428109e+03
7.000000000000000000e+01 1.631974193457627734e+03
8.000000000000000000e+01 1.631682081127827360e+03
9.000000000000000000e+01 1.631389968798026985e+03
1.000000000000000000e+02 1.631199257552749486e+03
1.100000000000000000e+02 1.631008546307471761e+03
1.200000000000000000e+02 1.630817835062194263e+03
1.300000000000000000e+02 1.630882929783620739e+03
1.400000000000000000e+02 1.630948024505047442e+03
1.500000000000000000e+02 1.631013119226473918e+03
1.600000000000000000e+02 1.631413581792110790e+03
1.700000000000000000e+02 1.631814044357747889e+03
1.800000000000000000e+02 1.632214506923384761e+03
1.900000000000000000e+02 1.632967621818429507e+03
2.000000000000000000e+02 1.633720736713474025e+03
2.100000000000000000e+02 1.634473851608518771e+03
2.200000000000000000e+02 1.635547191538226343e+03
2.300000000000000000e+02 1.636620531467933915e+03
2.400000000000000000e+02 1.637693871397641487e+03
2.500000000000000000e+02 1.639017862899691181e+03
2.600000000000000000e+02 1.640341854401740648e+03
2.700000000000000000e+02 1.641665845903790341e+03
2.800000000000000000e+02 1.643146334960166996e+03
2.900000000000000000e+02 1.644626824016543424e+03
3.000000000000000000e+02 1.646107313072920078e+03
3.100000000000000000e+02 1.647654389301731726e+03
3.200000000000000000e+02 1.649201465530543146e+03
3.300000000000000000e+02 1.650748541759354794e+03
3.400000000000000000e+02 1.652042347176391331e+03
3.500000000000000000e+02 1.653336152593427869e+03
3.600000000000000000e+02 1.654629958010464406e+03
3.700000000000000000e+02 1.655770140803246704e+03
3.800000000000000000e+02 1.656910323596029002e+03
3.900000000000000000e+02 1.658050506388811300e+03
4.000000000000000000e+02 1.659251316602546467e+03
4.100000000000000000e+02 1.660452126816281634e+03
4.200000000000000000e+02 1.661652937030016801e+03
4.300000000000000000e+02 1.662512198279880295e+03
4.400000000000000000e+02 1.663371459529743561e+03
4.500000000000000000e+02 1.664230720779607054e+03
4.600000000000000000e+02 1.665164973758432097e+03
4.700000000000000000e+02 1.666099226737257140e+03
4.800000000000000000e+02 1.667033479716082184e+03
4.900000000000000000e+02 1.667681106780127720e+03
5.000000000000000000e+02 1.668328733844173030e+03
5.100000000000000000e+02 1.668976360908218567e+03
5.200000000000000000e+02 1.669739432378090441e+03
5.300000000000000000e+02 1.670502503847962544e+03
5.400000000000000000e+02 1.671265575317834418e+03
5.500000000000000000e+02 1.672127374364182742e+03
5.600000000000000000e+02 1.672989173410531066e+03
5.700000000000000000e+02 1.673850972456879390e+03
5.800000000000000000e+02 1.675163561311896956e+03
5.900000000000000000e+02 1.676476150166914522e+03
6.000000000000000000e+02 1.677788739021932088e+03
6.100000000000000000e+02 1.679137784876507112e+03
6.200000000000000000e+02 1.680486830731081909e+03
6.300000000000000000e+02 1.681835876585656933e+03
6.400000000000000000e+02 1.683759705206106901e+03
6.500000000000000000e+02 1.685683533826556868e+03
6.600000000000000000e+02 1.687607362447006835e+03
6.700000000000000000e+02 1.689382483662092454e+03
6.800000000000000000e+02 1.691157604877178073e+03
6.900000000000000000e+02 1.692932726092263692e+03
7.000000000000000000e+02 1.694908611293377362e+03
7.100000000000000000e+02 1.696884496494491259e+03
7.200000000000000000e+02 1.698860381695604929e+03
7.300000000000000000e+02 1.699657512504225906e+03
7.400000000000000000e+02 1.700454643312846656e+03
7.500000000000000000e+02 1.701251774121467633e+03
7.600000000000000000e+02 1.701630669896247809e+03
7.700000000000000000e+02 1.702009565671028213e+03
7.800000000000000000e+02 1.702388461445808389e+03
7.900000000000000000e+02 1.703030085897675008e+03
8.000000000000000000e+02 1.703671710349541399e+03
8.100000000000000000e+02 1.704313334801408018e+03
8.200000000000000000e+02 1.705413070857581260e+03
8.300000000000000000e+02 1.706512806913754503e+03
8.400000000000000000e+02 1.707612542969927745e+03
8.500000000000000000e+02 1.709026782340231193e+03
8.600000000000000000e+02 1.710441021710534869e+03
8.700000000000000000e+02 1.711855261080838318e+03
8.800000000000000000e+02 1.713923444099449398e+03
8.900000000000000000e+02 1.715991627118060705e+03
9.000000000000000000e+02 1.718059810136671786e+03
9.100000000000000000e+02 1.720908201086589088e+03
9.200000000000000000e+02 1.723756592036506390e+03
9.300000000000000000e+02 1.726604982986423693e+03
9.400000000000000000e+02 1.730315504419835634e+03
9.500000000000000000e+02 1.734026025853247347e+03
9.600000000000000000e+02 1.737736547286659288e+03
9.700000000000000000e+02 1.740802433115208487e+03
9.800000000000000000e+02 1.743868318943757913e+03
9.900000000000000000e+02 1.746934204772307112e+03
1.000000000000000000e+03 1.749928269260965635e+03
1.010000000000000000e+03 1.752922333749623931e+03
1.020000000000000000e+03 1.755916398238282454e+03
1.030000000000000000e+03 1.758601041025533732e+03
1.040000000000000000e+03 1.761285683812785237e+03
1.050000000000000000e+03 1.763970326600036515e+03
1.060000000000000000e+03 1.766963897490650652e+03
1.070000000000000000e+03 1.769957468381264789e+03
1.080000000000000000e+03 1.772951039271878926e+03
1.090000000000000000e+03 1.775446000328873424e+03
1.100000000000000000e+03 1.777940961385868150e+03
1.110000000000000000e+03 1.780435922442862648e+03
1.120000000000000000e+03 1.782804454254608345e+03
1.130000000000000000e+03 1.785172986066353815e+03
1.140000000000000000e+03 1.787541517878099512e+03
1.150000000000000000e+03 1.789590826350391808e+03
1.160000000000000000e+03 1.791640134822683876e+03
1.170000000000000000e+03 1.793689443294976172e+03
1.180000000000000000e+03 1.795861936143255889e+03
1.190000000000000000e+03 1.798034428991535378e+03
1.200000000000000000e+03 1.800206921839815095e+03
1.210000000000000000e+03 1.801420059473925903e+03
1.220000000000000000e+03 1.802633197108036711e+03
1.230000000000000000e+03 1.803846334742147519e+03
1.240000000000000000e+03 1.804985123485842223e+03
1.250000000000000000e+03 1.806123912229537154e+03
1.260000000000000000e+03 1.807262700973231858e+03
1.270000000000000000e+03 1.808278326779943882e+03
1.280000000000000000e+03 1.809293952586656133e+03
1.290000000000000000e+03 1.810309578393368156e+03
1.300000000000000000e+03 1.811988819818778666e+03
1.310000000000000000e+03 1.813668061244189403e+03
1.320000000000000000e+03 1.815347302669599912e+03
1.330000000000000000e+03 1.816157867069285430e+03
1.340000000000000000e+03 1.816968431468971175e+03
1.350000000000000000e+03 1.817778995868656693e+03
1.360000000000000000e+03 1.818530784724662453e+03
1.370000000000000000e+03 1.819282573580668441e+03
1.380000000000000000e+03 1.820034362436674201e+03
1.390000000000000000e+03 1.820874292515921525e+03
1.400000000000000000e+03 1.821714222595168849e+03
1.410000000000000000e+03 1.822554152674416173e+03
1.420000000000000000e+03 1.823493819879299735e+03
1.430000000000000000e+03 1.824433487084183071e+03
1.440000000000000000e+03 1.825373154289066633e+03
1.450000000000000000e+03 1.826063296836962991e+03
1.460000000000000000e+03 1.826753439384859576e+03
1.470000000000000000e+03 1.827443581932755933e+03
1.480000000000000000e+03 1.828499096390285558e+03
1.490000000000000000e+03 1.829554610847815184e+03
1.500000000000000000e+03 1.830610125305344809e+03
1.510000000000000000e+03 1.831892168090635778e+03
1.520000000000000000e+03 1.833174210875926519e+03
1.530000000000000000e+03 1.834456253661217488e+03
1.540000000000000000e+03 1.836711276897336120e+03
1.550000000000000000e+03 1.838966300133454979e+03
1.560000000000000000e+03 1.841221323369573611e+03
1.570000000000000000e+03 1.843247111886561697e+03
1.580000000000000000e+03 1.845272900403549784e+03
1.590000000000000000e+03 1.847298688920537870e+03
1.600000000000000000e+03 1.848641282851478309e+03
1.610000000000000000e+03 1.849983876782418520e+03
1.620000000000000000e+03 1.851326470713358958e+03
1.630000000000000000e+03 1.852197877756738080e+03
1.640000000000000000e+03 1.853069284800117430e+03
1.650000000000000000e+03 1.853940691843496552e+03
1.660000000000000000e+03 1.855092184082468748e+03
1.670000000000000000e+03 1.856243676321440716e+03
1.680000000000000000e+03 1.857395168560412912e+03
1.690000000000000000e+03 1.857983911652601591e+03
1.700000000000000000e+03 1.858572654744790043e+03
1.710000000000000000e+03 1.859161397836978722e+03
1.720000000000000000e+03 1.860349485273195342e+03
1.730000000000000000e+03 1.861537572709412188e+03
1.740000000000000000e+03 1.862725660145628808e+03
1.750000000000000000e+03 1.864095209788215243e+03
1.760000000000000000e+03 1.865464759430801678e+03
1.770000000000000000e+03 1.866834309073388113e+03
1.780000000000000000e+03 1.869203650079641648e+03
1.790000000000000000e+03 1.871572991085894955e+03
1.800000000000000000e+03 1.873942332092148490e+03
1.810000000000000000e+03 1.876516407040502827e+03
1.820000000000000000e+03 1.879090481988856936e+03
1.830000000000000000e+03 1.881664556937211273e+03
1.840000000000000000e+03 1.884269562524389130e+03
1.850000000000000000e+03 1.886874568111566987e+03
1.860000000000000000e+03 1.889479573698744844e+03
1.870000000000000000e+03 1.892371600361917672e+03
1.880000000000000000e+03 1.895263627025090273e+03
1.890000000000000000e+03 1.898155653688263101e+03
1.900000000000000000e+03 1.901149037551656420e+03
1.910000000000000000e+03 1.904142421415049512e+03
1.920000000000000000e+03 1.907135805278442831e+03
1.930000000000000000e+03 1.910659934960436203e+03
1.940000000000000000e+03 1.914184064642429803e+03
1.950000000000000000e+03 1.917708194324423175e+03
1.960000000000000000e+03 1.920175518755310577e+03
1.970000000000000000e+03 1.922642843186198206e+03
1.980000000000000000e+03 1.925110167617085608e+03
1.990000000000000000e+03 1.927466257248950342e+03
2.000000000000000000e+03 1.929822346880815303e+03
2.010000000000000000e+03 1.932178436512680037e+03
2.020000000000000000e+03 1.934820350343226210e+03
2.030000000000000000e+03 1.937462264173772610e+03
2.040000000000000000e+03 1.940104178004318783e+03
2.050000000000000000e+03 1.942750156143811409e+03
2.060000000000000000e+03 1.945396134283303809e+03
2.070000000000000000e+03 1.948042112422796436e+03
2.080000000000000000e+03 1.950809254706333377e+03
2.090000000000000000e+03 1.953576396989870318e+03
2.100000000000000000e+03 1.956343539273407259e+03
2.110000000000000000e+03 1.958772152404579856e+03
2.120000000000000000e+03 1.961200765535752680e+03
2.130000000000000000e+03 1.963629378666925277e+03
2.140000000000000000e+03 1.966119375605388313e+03
2.150000000000000000e+03 1.968609372543851578e+03
2.160000000000000000e+03 1.971099369482314614e+03
2.170000000000000000e+03 1.973951799110395541e+03
2.180000000000000000e+03 1.976804228738476240e+03
2.190000000000000000e+03 1.979656658366557167e+03
2.200000000000000000e+03 1.982113043979004715e+03
2.210000000000000000e+03 1.984569429591452490e+03
2.220000000000000000e+03 1.987025815203900038e+03
2.230000000000000000e+03 1.988991716173929490e+03
2.240000000000000000e+03 1.990957617143959169e+03
2.250000000000000000e+03 1.992923518113988621e+03
2.260000000000000000e+03 1.994910557353779041e+03
2.270000000000000000e+03 1.996897596593569460e+03
2.280000000000000000e+03 1.998884635833359880e+03
2.290000000000000000e+03 2.000664939817348341e+03
2.300000000000000000e+03 2.002445243801336574e+03
2.310000000000000000e+03 2.004225547785325034e+03
2.320000000000000000e+03 2.003537976270788704e+03
2.330000000000000000e+03 2.002850404756252146e+03
2.340000000000000000e+03 2.002162833241715816e+03
2.350000000000000000e+03 2.000495619640025325e+03
2.360000000000000000e+03 1.998828406038334833e+03
2.370000000000000000e+03 1.997161192436644342e+03
2.380000000000000000e+03 1.995868168815436775e+03
2.390000000000000000e+03 1.994575145194229208e+03
2.400000000000000000e+03 1.993282121573021641e+03
2.410000000000000000e+03 1.992594550058485311e+03
2.420000000000000000e+03 1.991906978543948981e+03
2.430000000000000000e+03 1.991219407029412650e+03
2.440000000000000000e+03 1.991137287621547330e+03
2.450000000000000000e+03 1.991055168213682236e+03
2.460000000000000000e+03 1.990973048805816916e+03
2.470000000000000000e+03 1.991265119378434747e+03
2.480000000000000000e+03 1.991557189951052351e+03
2.490000000000000000e+03 1.991849260523670182e+03
2.500000000000000000e+03 1.992141331096287786e+03
2.510000000000000000e+03 1.992433401668905617e+03
2.520000000000000000e+03 1.992725472241523221e+03
2.530000000000000000e+03 1.992643352833658128e+03
2.540000000000000000e+03 1.992561233425792807e+03
2.550000000000000000e+03 1.992479114017927714e+03
2.560000000000000000e+03 1.991791542503391383e+03
2.570000000000000000e+03 1.991103970988854826e+03
2.580000000000000000e+03 1.990416399474318496e+03
2.590000000000000000e+03 1.989123375853110929e+03
2.600000000000000000e+03 1.987830352231903589e+03
2.610000000000000000e+03 1.986537328610696022e+03
2.620000000000000000e+03 1.984870115009005531e+03
2.630000000000000000e+03 1.983202901407315039e+03
2.640000000000000000e+03 1.981535687805624548e+03
2.650000000000000000e+03 1.983152788054954044e+03
2.660000000000000000e+03 1.984769888304283313e+03
2.670000000000000000e+03 1.986386988553612809e+03
2.680000000000000000e+03 1.987798789745926797e+03
2.690000000000000000e+03 1.989210590938241012e+03
2.700000000000000000e+03 1.990622392130554999e+03
2.710000000000000000e+03 1.991913934114754056e+03
2.720000000000000000e+03 1.993205476098952886e+03
2.730000000000000000e+03 1.994497018083151943e+03
2.740000000000000000e+03 1.995888357510552396e+03
2.750000000000000000e+03 1.997279696937952622e+03
2.760000000000000000e+03 1.998671036365353075e+03
2.770000000000000000e+03 2.000133276452274458e+03
2.780000000000000000e+03 2.001595516539195842e+03
2.790000000000000000e+03 2.003057756626117225e+03
2.800000000000000000e+03 2.004583111438847709e+03
2.810000000000000000e+03 2.006108466251578193e+03
2.820000000000000000e+03 2.007633821064308677e+03
2.830000000000000000e+03 2.009271255752163597e+03
2.840000000000000000e+03 2.010908690440018290e+03
2.850000000000000000e+03 2.012546125127873211e+03
2.860000000000000000e+03 2.014216595538777256e+03
2.870000000000000000e+03 2.015887065949681300e+03
2.880000000000000000e+03 2.017557536360585345e+03
2.890000000000000000e+03 2.019401307730106510e+03
2.900000000000000000e+03 2.021245079099627901e+03
2.910000000000000000e+03 2.023088850469149065e+03
2.920000000000000000e+03 2.025019363105118373e+03
2.930000000000000000e+03 2.026949875741087453e+03
2.940000000000000000e+03 2.028880388377056761e+03
2.950000000000000000e+03 2.031173919421838264e+03
2.960000000000000000e+03 2.033467450466619994e+03
2.970000000000000000e+03 2.035760981511401496e+03
2.980000000000000000e+03 2.037998689729742864e+03
2.990000000000000000e+03 2.040236397948084459e+03
3.000000000000000000e+03 2.042474106166425827e+03
3.010000000000000000e+03 2.044796581682973056e+03
3.020000000000000000e+03 2.047119057199520057e+03
3.030000000000000000e+03 2.049441532716067286e+03
3.040000000000000000e+03 2.051893260237468894e+03
3.050000000000000000e+03 2.054344987758870957e+03
3.060000000000000000e+03 2.056796715280272565e+03
3.070000000000000000e+03 2.059303177561129814e+03
3.080000000000000000e+03 2.061809639841987064e+03
3.090000000000000000e+03 2.064316102122844313e+03
3.100000000000000000e+03 2.066967475302240018e+03
3.110000000000000000e+03 2.069618848481636178e+03
3.120000000000000000e+03 2.072270221661031883e+03
3.130000000000000000e+03 2.074682886314365987e+03
3.140000000000000000e+03 2.077095550967700547e+03
3.150000000000000000e+03 2.079508215621034651e+03
3.160000000000000000e+03 2.081703603792279409e+03
3.170000000000000000e+03 2.083898991963523713e+03
3.180000000000000000e+03 2.086094380134768471e+03
3.190000000000000000e+03 2.088328777270471164e+03
3.200000000000000000e+03 2.090563174406173857e+03
3.210000000000000000e+03 2.092797571541876550e+03
3.220000000000000000e+03 2.094976085145162415e+03
3.230000000000000000e+03 2.097154598748448734e+03
3.240000000000000000e+03 2.099333112351734599e+03
3.250000000000000000e+03 2.101643716869859873e+03
3.260000000000000000e+03 2.103954321387985601e+03
3.270000000000000000e+03 2.106264925906110875e+03
3.280000000000000000e+03 2.108285681995614141e+03
3.290000000000000000e+03 2.110306438085117406e+03
3.300000000000000000e+03 2.112327194174620672e+03
3.310000000000000000e+03 2.114133434383579697e+03
3.320000000000000000e+03 2.115939674592539177e+03
3.330000000000000000e+03 2.117745914801498202e+03
3.340000000000000000e+03 2.119423355132024881e+03
3.350000000000000000e+03 2.121100795462551559e+03
3.360000000000000000e+03 2.122778235793078238e+03
3.370000000000000000e+03 2.124488780538542414e+03
3.380000000000000000e+03 2.126199325284006136e+03
3.390000000000000000e+03 2.127909870029470312e+03
3.400000000000000000e+03 2.129611253408817902e+03
3.410000000000000000e+03 2.131312636788165946e+03
3.420000000000000000e+03 2.133014020167513536e+03
3.430000000000000000e+03 2.134619684881955436e+03
3.440000000000000000e+03 2.136225349596396882e+03
3.450000000000000000e+03 2.137831014310838782e+03
3.460000000000000000e+03 2.139335722764406000e+03
3.470000000000000000e+03 2.140840431217973673e+03
3.480000000000000000e+03 2.142345139671540892e+03
3.490000000000000000e+03 2.143750833680228880e+03
3.500000000000000000e+03 2.145156527688916412e+03
3.510000000000000000e+03 2.146562221697604400e+03
3.520000000000000000e+03 2.147880632803643039e+03
3.530000000000000000e+03 2.149199043909682132e+03
3.540000000000000000e+03 2.150517455015720770e+03
3.550000000000000000e+03 2.151774499558096977e+03
3.560000000000000000e+03 2.153031544100472729e+03
3.570000000000000000e+03 2.154288588642848936e+03
3.580000000000000000e+03 2.155070864225018795e+03
3.590000000000000000e+03 2.155853139807188199e+03
3.600000000000000000e+03 2.156635415389358059e+03
3.610000000000000000e+03 2.157163783022031566e+03
3.620000000000000000e+03 2.157692150654705529e+03
3.630000000000000000e+03 2.158220518287379036e+03
3.640000000000000000e+03 2.158598450936634435e+03
3.650000000000000000e+03 2.158976383585889835e+03
3.660000000000000000e+03 2.159354316235145234e+03
3.670000000000000000e+03 2.159624585408317671e+03
3.680000000000000000e+03 2.159894854581490108e+03
3.690000000000000000e+03 2.160165123754662545e+03
3.700000000000000000e+03 2.160286883531317017e+03
3.710000000000000000e+03 2.160408643307971033e+03
3.720000000000000000e+03 2.160530403084625505e+03
3.730000000000000000e+03 2.160486229067183558e+03
3.740000000000000000e+03 2.160442055049742066e+03
3.750000000000000000e+03 2.160397881032300120e+03
3.760000000000000000e+03 2.160358102015895383e+03
3.770000000000000000e+03 2.160318322999490192e+03
3.780000000000000000e+03 2.160278543983085456e+03
3.790000000000000000e+03 2.160476308862197129e+03
3.800000000000000000e+03 2.160674073741309257e+03
3.810000000000000000e+03 2.160871838620420931e+03
3.820000000000000000e+03 2.161670700972587383e+03
3.830000000000000000e+03 2.162469563324753381e+03
3.840000000000000000e+03 2.163268425676919833e+03
3.850000000000000000e+03 2.164324603198252589e+03
3.860000000000000000e+03 2.165380780719585800e+03
3.870000000000000000e+03 2.166436958240918557e+03
3.880000000000000000e+03 2.167701512227423791e+03
3.890000000000000000e+03 2.168966066213929025e+03
3.900000000000000000e+03 2.170230620200434259e+03
3.910000000000000000e+03 2.171958025285661279e+03
3.920000000000000000e+03 2.173685430370887843e+03
3.930000000000000000e+03 2.175412835456114863e+03
3.940000000000000000e+03 2.177538089313600267e+03
3.950000000000000000e+03 2.179663343171086126e+03
3.960000000000000000e+03 2.181788597028571530e+03
3.970000000000000000e+03 2.184314898060906671e+03
3.980000000000000000e+03 2.186841199093241357e+03
3.990000000000000000e+03 2.189367500125576498e+03
4.000000000000000000e+03 2.192191011129571507e+03
4.010000000000000000e+03 2.195014522133566516e+03
4.020000000000000000e+03 2.197838033137561524e+03
4.030000000000000000e+03 2.200673424800034354e+03
4.040000000000000000e+03 2.203508816462506729e+03
4.050000000000000000e+03 2.206344208124979559e+03
4.060000000000000000e+03 2.209147858366359287e+03
4.070000000000000000e+03 2.211951508607739470e+03
4.080000000000000000e+03 2.214755158849119198e+03
4.090000000000000000e+03 2.217599022069685361e+03
4.100000000000000000e+03 2.220442885290251979e+03
4.110000000000000000e+03 2.223286748510818143e+03
4.120000000000000000e+03 2.226020942903184277e+03
4.130000000000000000e+03 2.228755137295549957e+03
4.140000000000000000e+03 2.231489331687916092e+03
4.150000000000000000e+03 2.233995256893200349e+03
4.160000000000000000e+03 2.236501182098485060e+03
4.170000000000000000e+03 2.239007107303769317e+03
4.180000000000000000e+03 2.241156588137693234e+03
4.190000000000000000e+03 2.243306068971616696e+03
4.200000000000000000e+03 2.245455549805540613e+03
4.210000000000000000e+03 2.247368158388642769e+03
4.220000000000000000e+03 2.249280766971744470e+03
4.230000000000000000e+03 2.251193375554846625e+03
4.240000000000000000e+03 2.252982077391683106e+03
4.250000000000000000e+03 2.254770779228520041e+03
4.260000000000000000e+03 2.256559481065356522e+03
4.270000000000000000e+03 2.258343069853013276e+03
4.280000000000000000e+03 2.260126658640670485e+03
4.290000000000000000e+03 2.261910247428327239e+03
4.300000000000000000e+03 2.263496279013755611e+03
4.310000000000000000e+03 2.265082310599184439e+03
4.320000000000000000e+03 2.266668342184612811e+03
4.330000000000000000e+03 2.268144539195255675e+03
4.340000000000000000e+03 2.269620736205898538e+03
4.350000000000000000e+03 2.271096933216541402e+03
4.360000000000000000e+03 2.272616931801732790e+03
4.370000000000000000e+03 2.274136930386924178e+03
4.380000000000000000e+03 2.275656928972115566e+03
4.390000000000000000e+03 2.277300735772535518e+03
4.400000000000000000e+03 2.278944542572955470e+03
4.410000000000000000e+03 2.280588349373375422e+03
4.420000000000000000e+03 2.282467578883532951e+03
4.430000000000000000e+03 2.284346808393690026e+03
4.440000000000000000e+03 2.286226037903847555e+03
4.450000000000000000e+03 2.287653533717451865e+03
4.460000000000000000e+03 2.289081029531055719e+03
4.470000000000000000e+03 2.290508525344660029e+03
4.480000000000000000e+03 2.291545439374609032e+03
4.490000000000000000e+03 2.292582353404557580e+03
4.500000000000000000e+03 2.293619267434506583e+03
4.510000000000000000e+03 2.294271870795867926e+03
4.520000000000000000e+03 2.294924474157229724e+03
4.530000000000000000e+03 2.295577077518591068e+03
4.540000000000000000e+03 2.295899708764086427e+03
4.550000000000000000e+03 2.296222340009581785e+03
4.560000000000000000e+03 2.296544971255077144e+03
4.570000000000000000e+03 2.296417481608483740e+03
4.580000000000000000e+03 2.296289991961890792e+03
4.590000000000000000e+03 2.296162502315297388e+03
4.600000000000000000e+03 2.295709134972445554e+03
4.610000000000000000e+03 2.295255767629593720e+03
4.620000000000000000e+03 2.294802400286741886e+03
4.630000000000000000e+03 2.294000921427312278e+03
4.640000000000000000e+03 2.293199442567882670e+03
4.650000000000000000e+03 2.292397963708453062e+03
4.660000000000000000e+03 2.291593772763715606e+03
4.670000000000000000e+03 2.290789581818978149e+03
4.680000000000000000e+03 2.289985390874240693e+03
4.690000000000000000e+03 2.289661711959695822e+03
4.700000000000000000e+03 2.289338033045150951e+03
4.710000000000000000e+03 2.289014354130606080e+03
4.720000000000000000e+03 2.289077735524756008e+03
4.730000000000000000e+03 2.289141116918905482e+03
4.740000000000000000e+03 2.289204498313055410e+03
4.750000000000000000e+03 2.289734516020491810e+03
4.760000000000000000e+03 2.290264533727928210e+03
4.770000000000000000e+03 2.290794551435364610e+03
4.780000000000000000e+03 2.291780268226191765e+03
4.790000000000000000e+03 2.292765985017019375e+03
4.800000000000000000e+03 2.293751701807846530e+03
4.810000000000000000e+03 2.295342101527247451e+03
4.820000000000000000e+03 2.296932501246647917e+03
4.830000000000000000e+03 2.298522900966048837e+03
4.840000000000000000e+03 2.300676486726098119e+03
4.850000000000000000e+03 2.302830072486147856e+03
4.860000000000000000e+03 2.304983658246197137e+03
4.870000000000000000e+03 2.307550231801747032e+03
4.880000000000000000e+03 2.310116805357296926e+03
4.890000000000000000e+03 2.312683378912846820e+03
4.900000000000000000e+03 2.315618665762719047e+03
4.910000000000000000e+03 2.318553952612590820e+03
4.920000000000000000e+03 2.321489239462463047e+03
4.930000000000000000e+03 2.324455415596904913e+03
4.940000000000000000e+03 2.327421591731347235e+03
4.950000000000000000e+03 2.330387767865789101e+03
4.960000000000000000e+03 2.333255664241969953e+03
4.970000000000000000e+03 2.336123560618150350e+03
4.980000000000000000e+03 2.338991456994331202e+03
4.990000000000000000e+03 2.341796280614906209e+03
5.000000000000000000e+03 2.344601104235480761e+03
5.010000000000000000e+03 2.347405927856055769e+03
5.020000000000000000e+03 2.350073700626587197e+03
5.030000000000000000e+03 2.352741473397118625e+03
5.040000000000000000e+03 2.355409246167650053e+03
5.050000000000000000e+03 2.357725200981665694e+03
5.060000000000000000e+03 2.360041155795681334e+03
5.070000000000000000e+03 2.362357110609696974e+03
5.080000000000000000e+03 2.364262683021458088e+03
5.090000000000000000e+03 2.366168255433219656e+03
5.100000000000000000e+03 2.368073827844980769e+03
5.110000000000000000e+03 2.369401427913137468e+03
5.120000000000000000e+03 2.370729027981293711e+03
5.130000000000000000e+03 2.372056628049450410e+03
5.140000000000000000e+03 2.372790747017045305e+03
5.150000000000000000e+03 2.373524865984640201e+03
5.160000000000000000e+03 2.374258984952235096e+03
5.170000000000000000e+03 2.374269100871904357e+03
5.180000000000000000e+03 2.374279216791574072e+03
5.190000000000000000e+03 2.374289332711243333e+03
5.200000000000000000e+03 2.373693205850486265e+03
5.210000000000000000e+03 2.373097078989729198e+03
5.220000000000000000e+03 2.372500952128972131e+03
5.230000000000000000e+03 2.371389456312513630e+03
5.240000000000000000e+03 2.370277960496054675e+03
5.250000000000000000e+03 2.369166464679596174e+03
5.260000000000000000e+03 2.367843987781229316e+03
5.270000000000000000e+03 2.366521510882862003e+03
5.280000000000000000e+03 2.365199033984495145e+03
5.290000000000000000e+03 2.364007179993900991e+03
5.300000000000000000e+03 2.362815326003307291e+03
5.310000000000000000e+03 2.361623472012713137e+03
5.320000000000000000e+03 2.360432175707918759e+03
5.330000000000000000e+03 2.359240879403124381e+03
5.340000000000000000e+03 2.358049583098330004e+03
5.350000000000000000e+03 2.357113930294007787e+03
5.360000000000000000e+03 2.356178277489686025e+03
5.370000000000000000e+03 2.355242624685363808e+03
5.380000000000000000e+03 2.354665443239452088e+03
5.390000000000000000e+03 2.354088261793540369e+03
5.400000000000000000e+03 2.353511080347628649e+03
5.410000000000000000e+03 2.353575719589695382e+03
5.420000000000000000e+03 2.353640358831762569e+03
5.430000000000000000e+03 2.353704998073829302e+03
5.440000000000000000e+03 2.354055622529176162e+03
5.450000000000000000e+03 2.354406246984523477e+03
5.460000000000000000e+03 2.354756871439870338e+03
5.470000000000000000e+03 2.355302652952024346e+03
5.480000000000000000e+03 2.355848434464178354e+03
5.490000000000000000e+03 2.356394215976332362e+03
5.500000000000000000e+03 2.357200026285652712e+03
5.510000000000000000e+03 2.358005836594973061e+03
5.520000000000000000e+03 2.358811646904293411e+03
5.530000000000000000e+03 2.359837287233811821e+03
5.540000000000000000e+03 2.360862927563329777e+03
5.550000000000000000e+03 2.361888567892848187e+03
5.560000000000000000e+03 2.363290425524620787e+03
5.570000000000000000e+03 2.364692283156393387e+03
5.580000000000000000e+03 2.366094140788165987e+03
5.590000000000000000e+03 2.367515190121531759e+03
5.600000000000000000e+03 2.368936239454897077e+03
5.610000000000000000e+03 2.370357288788262849e+03
5.620000000000000000e+03 2.372393552951794391e+03
5.630000000000000000e+03 2.374429817115325477e+03
5.640000000000000000e+03 2.376466081278857018e+03
5.650000000000000000e+03 2.379317150623837279e+03
5.660000000000000000e+03 2.382168219968817539e+03
5.670000000000000000e+03 2.385019289313797799e+03
5.680000000000000000e+03 2.388711394245816791e+03
5.690000000000000000e+03 2.392403499177835329e+03
5.700000000000000000e+03 2.396095604109854321e+03
5.710000000000000000e+03 2.400693765121519846e+03
5.720000000000000000e+03 2.405291926133184916e+03
5.730000000000000000e+03 2.409890087144850440e+03
5.740000000000000000e+03 2.415180338855333957e+03
5.750000000000000000e+03 2.420470590565817929e+03
5.760000000000000000e+03 2.425760842276301446e+03
5.770000000000000000e+03 2.431336639592639585e+03
5.780000000000000000e+03 2.436912436908978179e+03
5.790000000000000000e+03 2.442488234225316319e+03
5.800000000000000000e+03 2.448105786155846545e+03
5.810000000000000000e+03 2.453723338086376771e+03
5.820000000000000000e+03 2.459340890016906997e+03
5.830000000000000000e+03 2.464713481122047597e+03
5.840000000000000000e+03 2.470086072227188652e+03
5.850000000000000000e+03 2.475458663332329252e+03
5.860000000000000000e+03 2.480159845488182327e+03
5.870000000000000000e+03 2.484861027644035403e+03
5.880000000000000000e+03 2.489562209799888478e+03
5.890000000000000000e+03 2.493482899123284824e+03
5.900000000000000000e+03 2.497403588446681169e+03
5.910000000000000000e+03 2.501324277770077515e+03
5.920000000000000000e+03 2.504145131006607244e+03
5.930000000000000000e+03 2.506965984243136518e+03
5.940000000000000000e+03 2.509786837479666247e+03
5.950000000000000000e+03 2.511923527858091802e+03
5.960000000000000000e+03 2.514060218236516903e+03
5.970000000000000000e+03 2.516196908614942458e+03
5.980000000000000000e+03 2.517683761541582498e+03
5.990000000000000000e+03 2.519170614468222993e+03
6.000000000000000000e+03 2.520657467394863033e+03
6.010000000000000000e+03 2.521825656516951312e+03
6.020000000000000000e+03 2.522993845639039591e+03
6.030000000000000000e+03 2.524162034761127870e+03
6.040000000000000000e+03 2.525168344574946332e+03
6.050000000000000000e+03 2.526174654388765248e+03
6.060000000000000000e+03 2.527180964202583709e+03
6.070000000000000000e+03 2.528183117019963447e+03
6.080000000000000000e+03 2.529185269837342730e+03
6.090000000000000000e+03 2.530187422654722468e+03
6.100000000000000000e+03 2.531351299673009180e+03
6.110000000000000000e+03 2.532515176691296347e+03
6.120000000000000000e+03 2.533679053709583059e+03
6.130000000000000000e+03 2.535438337087326090e+03
6.140000000000000000e+03 2.537197620465068667e+03
6.150000000000000000e+03 2.538956903842811698e+03
6.160000000000000000e+03 2.541113789465381615e+03
6.170000000000000000e+03 2.543270675087951076e+03
6.180000000000000000e+03 2.545427560710520993e+03
6.190000000000000000e+03 2.547302185759382155e+03
6.200000000000000000e+03 2.549176810808243772e+03
6.210000000000000000e+03 2.551051435857104934e+03
6.220000000000000000e+03 2.552898558631770811e+03
6.230000000000000000e+03 2.554745681406437143e+03
6.240000000000000000e+03 2.556592804181103020e+03
6.250000000000000000e+03 2.558502517460989111e+03
6.260000000000000000e+03 2.560412230740875202e+03
6.270000000000000000e+03 2.562321944020761293e+03
6.280000000000000000e+03 2.563757960099459979e+03
6.290000000000000000e+03 2.565193976178158209e+03
6.300000000000000000e+03 2.566629992256856895e+03
6.310000000000000000e+03 2.568068450906727321e+03
6.320000000000000000e+03 2.569506909556597293e+03
6.330000000000000000e+03 2.570945368206467720e+03
6.340000000000000000e+03 2.572410741144874009e+03
6.350000000000000000e+03 2.573876114083280754e+03
6.360000000000000000e+03 2.575341487021687044e+03
6.370000000000000000e+03 2.576691669774501406e+03
6.380000000000000000e+03 2.578041852527315314e+03
6.390000000000000000e+03 2.579392035280129676e+03
6.400000000000000000e+03 2.581037400287991204e+03
6.410000000000000000e+03 2.582682765295853187e+03
6.420000000000000000e+03 2.584328130303714715e+03
6.430000000000000000e+03 2.586487253931308715e+03
6.440000000000000000e+03 2.588646377558902259e+03
6.450000000000000000e+03 2.590805501186496258e+03
6.460000000000000000e+03 2.593227527249180639e+03
6.470000000000000000e+03 2.595649553311865475e+03
6.480000000000000000e+03 2.598071579374549856e+03
6.490000000000000000e+03 2.600926527904034174e+03
6.500000000000000000e+03 2.603781476433518947e+03
6.510000000000000000e+03 2.606636424963003265e+03
6.520000000000000000e+03 2.609921007302801172e+03
6.530000000000000000e+03 2.613205589642598625e+03
6.540000000000000000e+03 2.616490171982396532e+03
6.550000000000000000e+03 2.620218132371622687e+03
6.560000000000000000e+03 2.623946092760848842e+03
6.570000000000000000e+03 2.627674053150074997e+03
6.580000000000000000e+03 2.631346702979856673e+03
6.590000000000000000e+03 2.635019352809638349e+03
6.600000000000000000e+03 2.638692002639420025e+03
6.610000000000000000e+03 2.642034391706877159e+03
6.620000000000000000e+03 2.645376780774334748e+03
6.630000000000000000e+03 2.648719169841791881e+03
6.640000000000000000e+03 2.652150155653992897e+03
6.650000000000000000e+03 2.655581141466194367e+03
6.660000000000000000e+03 2.659012127278395383e+03
6.670000000000000000e+03 2.662060550906058324e+03
6.680000000000000000e+03 2.665108974533721721e+03
6.690000000000000000e+03 2.668157398161384663e+03
6.700000000000000000e+03 2.671257126709882868e+03
6.710000000000000000e+03 2.674356855258380619e+03
6.720000000000000000e+03 2.677456583806878825e+03
6.730000000000000000e+03 2.680216509827082518e+03
6.740000000000000000e+03 2.682976435847286211e+03
6.750000000000000000e+03 2.685736361867489904e+03
6.760000000000000000e+03 2.688394549390610791e+03
6.770000000000000000e+03 2.691052736913731223e+03
6.780000000000000000e+03 2.693710924436852110e+03
6.790000000000000000e+03 2.696090426141216540e+03
6.800000000000000000e+03 2.698469927845580514e+03
6.810000000000000000e+03 2.700849429549944944e+03
6.820000000000000000e+03 2.702994724729164773e+03
6.830000000000000000e+03 2.705140019908385057e+03
6.840000000000000000e+03 2.707285315087604886e+03
6.850000000000000000e+03 2.710039751389529556e+03
6.860000000000000000e+03 2.712794187691453772e+03
6.870000000000000000e+03 2.715548623993378442e+03
6.880000000000000000e+03 2.718147392517072149e+03
6.890000000000000000e+03 2.720746161040765855e+03
6.900000000000000000e+03 2.723344929564459562e+03
6.910000000000000000e+03 2.725869018530841913e+03
6.920000000000000000e+03 2.728393107497223809e+03
6.930000000000000000e+03 2.730917196463606160e+03
6.940000000000000000e+03 2.733539325855039806e+03
6.950000000000000000e+03 2.736161455246472997e+03
6.960000000000000000e+03 2.738783584637906642e+03
6.970000000000000000e+03 2.740858155620347134e+03
6.980000000000000000e+03 2.742932726602787625e+03
6.990000000000000000e+03 2.745007297585228116e+03
7.000000000000000000e+03 2.749321456261837739e+03
7.010000000000000000e+03 2.753635614938447816e+03
7.020000000000000000e+03 2.757949773615057438e+03
7.030000000000000000e+03 2.762803924498895867e+03
7.040000000000000000e+03 2.767658075382733841e+03
7.050000000000000000e+03 2.772512226266572270e+03
7.060000000000000000e+03 2.777906369357639051e+03
7.070000000000000000e+03 2.783300512448706286e+03
7.080000000000000000e+03 2.788694655539773066e+03
7.090000000000000000e+03 2.794628790838068653e+03
7.100000000000000000e+03 2.800562926136363785e+03
7.110000000000000000e+03 2.806497061434659372e+03
7.120000000000000000e+03 2.812971188940183310e+03
7.130000000000000000e+03 2.819445316445707249e+03
7.140000000000000000e+03 2.825919443951231187e+03
7.150000000000000000e+03 2.832933563663983932e+03
7.160000000000000000e+03 2.839947683376736222e+03
7.170000000000000000e+03 2.846961803089488967e+03
7.180000000000000000e+03 2.854515915009470064e+03
7.190000000000000000e+03 2.862070026929450705e+03
7.200000000000000000e+03 2.869624138849431802e+03
7.210000000000000000e+03 2.877718242976641250e+03
7.220000000000000000e+03 2.885812347103851152e+03
7.230000000000000000e+03 2.893906451231060601e+03
7.240000000000000000e+03 2.901737037026982307e+03
7.250000000000000000e+03 2.909567622822904468e+03
7.260000000000000000e+03 2.917398208618826175e+03
7.270000000000000000e+03 2.923691750647732079e+03
7.280000000000000000e+03 2.929985292676637982e+03
