23        1      1  2.00000000E+000
22016        2      2  4.00000000E+000
44009        3      3  6.00000000E+000
66002        4      4  8.00000000E+000
87995        5      5  1.00000000E+001
109988        6      6  1.20000000E+001
131981        7      7  1.40000000E+001
153974        8      8  1.60000000E+001
175967        9      9  1.80000000E+001
197960       10     10  2.00000000E+001
219953       11     11  2.20000000E+001
241946       12     12  2.40000000E+001
263939       13     13  2.60000000E+001
285932       14     14  2.80000000E+001
307925       15     15  3.00000000E+001
329918       16     16  3.20000000E+001
351911       17     17  3.40000000E+001
373904       18     18  3.60000000E+001
395897       19     19  3.80000000E+001
417890       20     20  4.00000000E+001
439883       21     21  4.20000000E+001
461876       22     22  4.40000000E+001
483869       23     23  4.60000000E+001
505862       24     24  4.80000000E+001
527855       25     25  5.00000000E+001
549848       26     26  5.20000000E+001
571841       27     27  5.40000000E+001
593834       28     28  5.60000000E+001
615827       29     29  5.80000000E+001
637820       30     30  6.00000000E+001
659813       31     31  6.20000000E+001
681806       32     32  6.40000000E+001
703799       33     33  6.60000000E+001
725792       34     34  6.80000000E+001
747785       35     35  7.00000000E+001
769778       36     36  7.20000000E+001
791771       37     37  7.40000000E+001
813764       38     38  7.60000000E+001
835757       39     39  7.80000000E+001
857750       40     40  8.00000000E+001
879743       41     41  8.20000000E+001
901736       42     42  8.40000000E+001
923729       43     43  8.60000000E+001
945722       44     44  8.80000000E+001
967715       45     45  9.00000000E+001
989708       46     46  9.20000000E+001
1011701       47     47  9.40000000E+001
1033694       48     48  9.60000000E+001
1055687       49     49  9.80000000E+001
1077680       50     50  1.00000000E+002
1099673       51     51  1.02000000E+002
1121666       52     52  1.04000000E+002
1143659       53     53  1.06000000E+002
1165652       54     54  1.08000000E+002
1187645       55     55  1.10000000E+002
1209638       56     56  1.12000000E+002
1231631       57     57  1.14000000E+002
1253624       58     58  1.16000000E+002
1275617       59     59  1.18000000E+002
1297610       60     60  1.20000000E+002
1319603       61     61  1.22000000E+002
1341596       62     62  1.24000000E+002
1363589       63     63  1.26000000E+002
1385582       64     64  1.28000000E+002
1407575       65     65  1.30000000E+002
1429568       66     66  1.32000000E+002
1451561       67     67  1.34000000E+002
1473554       68     68  1.36000000E+002
1495547       69     69  1.38000000E+002
1517540       70     70  1.40000000E+002
1539533       71     71  1.42000000E+002
1561526       72     72  1.44000000E+002
1583519       73     73  1.46000000E+002
1605512       74     74  1.48000000E+002
1627505       75     75  1.50000000E+002
1649498       76     76  1.52000000E+002
1671491       77     77  1.54000000E+002
1693484       78     78  1.56000000E+002
1715477       79     79  1.58000000E+002
1737470       80     80  1.60000000E+002
1759463       81     81  1.62000000E+002
1781456       82     82  1.64000000E+002
1803449       83     83  1.66000000E+002
1825442       84     84  1.68000000E+002
1847435       85     85  1.70000000E+002
1869428       86     86  1.72000000E+002
1891421       87     87  1.74000000E+002
1913414       88     88  1.76000000E+002
1935407       89     89  1.78000000E+002
1957400       90     90  1.80000000E+002
1979393       91     91  1.82000000E+002
2001386       92     92  1.84000000E+002
2023379       93     93  1.86000000E+002
2045372       94     94  1.88000000E+002
2067365       95     95  1.90000000E+002
2089358       96     96  1.92000000E+002
2111351       97     97  1.94000000E+002
2133344       98     98  1.96000000E+002
2155337       99     99  1.98000000E+002
2177330      100    100  2.00000000E+002
2199323      101    101  2.02000000E+002
2221316      102    102  2.04000000E+002
2243309      103    103  2.06000000E+002
2265302      104    104  2.08000000E+002
2287295      105    105  2.10000000E+002
2309288      106    106  2.12000000E+002
2331281      107    107  2.14000000E+002
2353274      108    108  2.16000000E+002
2375267      109    109  2.18000000E+002
2397260      110    110  2.20000000E+002
2419253      111    111  2.22000000E+002
2441246      112    112  2.24000000E+002
2463239      113    113  2.26000000E+002
2485232      114    114  2.28000000E+002
2507225      115    115  2.30000000E+002
2529218      116    116  2.32000000E+002
2551211      117    117  2.34000000E+002
2573204      118    118  2.36000000E+002
2595197      119    119  2.38000000E+002
2617190      120    120  2.40000000E+002
2639183      121    121  2.42000000E+002
2661176      122    122  2.44000000E+002
2683169      123    123  2.46000000E+002
2705162      124    124  2.48000000E+002
2727155      125    125  2.50000000E+002
2749148      126    126  2.52000000E+002
2771141      127    127  2.54000000E+002
2793134      128    128  2.56000000E+002
2815127      129    129  2.58000000E+002
2837120      130    130  2.60000000E+002
2859113      131    131  2.62000000E+002
2881106      132    132  2.64000000E+002
2903099      133    133  2.66000000E+002
2925092      134    134  2.68000000E+002
2947085      135    135  2.70000000E+002
2969078      136    136  2.72000000E+002
2991071      137    137  2.74000000E+002
3013064      138    138  2.76000000E+002
3035057      139    139  2.78000000E+002
3057050      140    140  2.80000000E+002
3079043      141    141  2.82000000E+002
3101036      142    142  2.84000000E+002
3123029      143    143  2.86000000E+002
3145022      144    144  2.88000000E+002
3167015      145    145  2.90000000E+002
3189008      146    146  2.92000000E+002
3211001      147    147  2.94000000E+002
3232994      148    148  2.96000000E+002
3254987      149    149  2.98000000E+002
3276980      150    150  3.00000000E+002
3298973      151    151  3.02000000E+002
3320966      152    152  3.04000000E+002
3342959      153    153  3.06000000E+002
3364952      154    154  3.08000000E+002
3386945      155    155  3.10000000E+002
3408938      156    156  3.12000000E+002
3430931      157    157  3.14000000E+002
3452924      158    158  3.16000000E+002
3474917      159    159  3.18000000E+002
3496910      160    160  3.20000000E+002
3518903      161    161  3.22000000E+002
3540896      162    162  3.24000000E+002
3562889      163    163  3.26000000E+002
3584882      164    164  3.28000000E+002
3606875      165    165  3.30000000E+002
3628868      166    166  3.32000000E+002
3650861      167    167  3.34000000E+002
3672854      168    168  3.36000000E+002
3694847      169    169  3.38000000E+002
3716840      170    170  3.40000000E+002
3738833      171    171  3.42000000E+002
3760826      172    172  3.44000000E+002
3782819      173    173  3.46000000E+002
3804812      174    174  3.48000000E+002
3826805      175    175  3.50000000E+002
3848798      176    176  3.52000000E+002
3870791      177    177  3.54000000E+002
3892784      178    178  3.56000000E+002
3914777      179    179  3.58000000E+002
3936770      180    180  3.60000000E+002
3958763      181    181  3.62000000E+002
3980756      182    182  3.64000000E+002
4002749      183    183  3.66000000E+002
4024742      184    184  3.68000000E+002
4046735      185    185  3.70000000E+002
4068728      186    186  3.72000000E+002
4090721      187    187  3.74000000E+002
4112714      188    188  3.76000000E+002
4134707      189    189  3.78000000E+002
4156700      190    190  3.80000000E+002
4178693      191    191  3.82000000E+002
4200686      192    192  3.84000000E+002
4222679      193    193  3.86000000E+002
4244672      194    194  3.88000000E+002
4266665      195    195  3.90000000E+002
4288658      196    196  3.92000000E+002
4310651      197    197  3.94000000E+002
4332644      198    198  3.96000000E+002
4354637      199    199  3.98000000E+002
4376630      200    200  4.00000000E+002
4398623      201    201  4.02000000E+002
4420616      202    202  4.04000000E+002
4442609      203    203  4.06000000E+002
4464602      204    204  4.08000000E+002
4486595      205    205  4.10000000E+002
4508588      206    206  4.12000000E+002
4530581      207    207  4.14000000E+002
4552574      208    208  4.16000000E+002
4574567      209    209  4.18000000E+002
4596560      210    210  4.20000000E+002
4618553      211    211  4.22000000E+002
4640546      212    212  4.24000000E+002
4662539      213    213  4.26000000E+002
4684532      214    214  4.28000000E+002
4706525      215    215  4.30000000E+002
4728518      216    216  4.32000000E+002
4750511      217    217  4.34000000E+002
4772504      218    218  4.36000000E+002
4794497      219    219  4.38000000E+002
4816490      220    220  4.40000000E+002
4838483      221    221  4.42000000E+002
4860476      222    222  4.44000000E+002
4882469      223    223  4.46000000E+002
4904462      224    224  4.48000000E+002
4926455      225    225  4.50000000E+002
4948448      226    226  4.52000000E+002
4970441      227    227  4.54000000E+002
4992434      228    228  4.56000000E+002
5014427      229    229  4.58000000E+002
5036420      230    230  4.60000000E+002
5058413      231    231  4.62000000E+002
5080406      232    232  4.64000000E+002
5102399      233    233  4.66000000E+002
5124392      234    234  4.68000000E+002
5146385      235    235  4.70000000E+002
5168378      236    236  4.72000000E+002
5190371      237    237  4.74000000E+002
5212364      238    238  4.76000000E+002
5234357      239    239  4.78000000E+002
5256350      240    240  4.80000000E+002
5278343      241    241  4.82000000E+002
5300336      242    242  4.84000000E+002
5322329      243    243  4.86000000E+002
5344322      244    244  4.88000000E+002
5366315      245    245  4.90000000E+002
5388308      246    246  4.92000000E+002
5410301      247    247  4.94000000E+002
5432294      248    248  4.96000000E+002
5454287      249    249  4.98000000E+002
5476280      250    250  5.00000000E+002
