   10.000000000000000     
   10.000000000000000     
   10.000000000000000     
   10.000000000000000     
   10.000000000000000     
   10.000000000000000     
   10.000000000000000     
   10.000000000000000     
   10.000000000000000     
   10.000000000000000     
   10.000000000000000     
   10.000000000000000     
   10.000000000000000     
   10.000000000000000     
   10.000000000000000     
   10.000000000000000     
   10.000000000000000     
   10.000000000000000     
   10.000000000000000     
   10.000000000000000     
   10.000000000000000     
   10.000000000000000     
   10.000000000000000     
   10.000000000000000     
   10.000000000000000     
   10.000000000000000     
   10.000000000000000     
   10.000000000000000     
   10.000000000000000     
   10.000000000000000     
   10.000000000000000     
   10.000000000000000     
   10.000000000000000     
   10.000000000000000     
   10.000000000000000     
   10.000000000000000     
   10.000000000000000     
   10.000000000000000     
   10.000000000000000     
   10.000000000000000     
   10.000000000000000     
   10.000000000000000     
   10.000000000000000     
   10.000000000000000     
   10.000000000000000     
   15.968305107697006     
   10.000000000000000     
   10.000000000000000     
   10.000000000000000     
   19.115599407135505     
   37.849115219717532     
   71.802137289765142     
   113.78534566915778     
   137.48319050968962     
   152.99939924673458     
   163.18728300173029     
   175.33446909277473     
   189.16128796269049     
   204.52672238441050     
   222.10292170928847     
   236.52529819339452     
   244.16124799840554     
   245.22200399466124     
   244.38075251856526     
   246.10021576801682     
   250.77071268563054     
   253.23747778920097     
   259.67844552839097     
   270.04967487853946     
   285.80903549541767     
   298.36656422478586     
   300.17995550753426     
   290.15793691308295     
   273.74725749092704     
   265.06159138235398     
   269.76999450993571     
   279.61796231753101     
   288.44296128417182     
   293.79547174058393     
   297.21599047491191     
   302.93776186838500     
   306.53109842694016     
   309.39383410689720     
   306.58909010983666     
   295.29313335310917     
   278.78295629851232     
   262.31294877477262     
   253.90528246111239     
   256.53619646669858     
   270.85746782944284     
   293.73351378910274     
   318.89341476961795     
   338.23260977584755     
   348.82469198206240     
   350.17873797888637     
   342.24080966511428     
   328.25959971357452     
   315.50624339886258     
   309.43345845694421     
   310.70007568339133     
   315.18378189934674     
   319.16499436119966     
   315.98159887957149     
   305.69279350041893     
   290.87368901121226     
   276.52884047779276     
   263.50550384597705     
   251.39295775442906     
   236.43628191459266     
   216.12906061339027     
   177.80479481335624     
   131.54082392254486     
   95.478467512612951     
   82.812998126989214     
   88.534900637841702     
   102.36169100379107     
   113.02733208064001     
   115.13751042629679     
   111.85802000915237     
   108.48496530221246     
   107.23729950892857     
   108.52832403167440     
   114.18044362936735     
   118.12115056125458     
   123.27082658509198     
   135.03792347990384     
   149.75217115337136     
   167.29023351770456     
   186.15178016039272     
   204.89306430508350     
   216.03388897936566     
   217.13832231618744     
   213.83780746798902     
   203.46017514424557     
   173.84075024556751     
   119.78043120551320     
   60.891023764972488     
   30.572657296135731     
   10.000000000000000     
   9.0000000000000000     
   9.0000000000000000     
   8.9999999999997726     
   9.0000000000000000     
   9.0000000000000000     
   9.0000000000000000     
   9.0000000000000000     
   8.9999999999997726     
   9.0000000000000000     
   9.0000000000000000     
   8.9999999999997726     
   8.9999999999997726     
   9.0000000000000000     
   8.9999999999997726     
   9.0000000000000000     
   9.0000000000000000     
   9.0000000000000000     
   9.0000000000000000     
   9.0000000000000000     
   8.9999999999997726     
   9.0000000000000000     
   9.0000000000000000     
   9.0000000000000000     
   9.0000000000000000     
   8.9999999999997726     
   9.0000000000000000     
   8.9999999999995453     
   9.0000000000000000     
   9.0000000000000000     
   9.0000000000000000     
   9.0000000000000000     
   9.0000000000000000     
   8.9999999999997726     
   9.0000000000000000     
   9.0000000000000000     
   9.0000000000000000     
   9.0000000000000000     
   9.0000000000000000     
   9.0000000000000000     
   9.0000000000000000     
   8.9999999999997726     
   9.0000000000000000     
   9.0000000000000000     
   8.9999999999997726     
   9.0000000000000000     
   14.371474596927101     
   9.0000000000000000     
   9.0000000000000000     
   9.0000000000000000     
   17.204039466422046     
   34.064203697745597     
   64.621923560789128     
   102.40681110224159     
   123.73487145872014     
   137.69945932206087     
   146.86855470155729     
   157.80102218349703     
   170.24515916642122     
   184.07405014596952     
   199.89262953835919     
   212.87276837405511     
   219.74512319856490     
   220.69980359519536     
   219.94267726670887     
   221.49019419121510     
   225.69364141706728     
   227.91373001028114     
   233.71060097555164     
   243.04470739068597     
   257.22813194587616     
   268.52990780230698     
   270.16195995678072     
   261.14214322177509     
   246.37253174183479     
   238.55543224411826     
   242.79299505894187     
   251.65616608577784     
   259.59866515575459     
   264.41592456652597     
   267.49439142742062     
   272.64398568154638     
   275.87798858424594     
   278.45445069620700     
   275.93018109885315     
   265.76382001779803     
   250.90466066866111     
   236.08165389729584     
   228.51475421500095     
   230.88257682002859     
   243.77172104649844     
   264.36016241019229     
   287.00407329265636     
   304.40934879826273     
   313.94222278385587     
   315.16086418099781     
   308.01672869860317     
   295.43363974221734     
   283.95561905897603     
   278.49011261124929     
   279.63006811505215     
   283.66540370941266     
   287.24849492507974     
   284.38343899161487     
   275.12351415037597     
   261.78632011009108     
   248.87595643001350     
   237.15495346137914     
   226.25366197898643     
   212.79265372313307     
   194.51615455205115     
   160.02431533202071     
   118.38674153029024     
   85.930620761351520     
   74.531698314289997     
   79.681410574058191     
   92.125521903411482     
   101.72459887257537     
   103.62375938366631     
   100.67221800823745     
   97.636468771991076     
   96.513569558035215     
   97.675491628507189     
   102.76239926643075     
   106.30903550512949     
   110.94374392658256     
   121.53413113191255     
   134.77695403803455     
   150.56121016593443     
   167.53660214435376     
   184.40375787457515     
   194.43050008142927     
   195.42449008456879     
   192.45402672119053     
   183.11415762982097     
   156.45667522101030     
   107.80238808496188     
   54.801921388476330     
   27.515391566523249     
   9.0000000000000000     
   8.0000000000000000     
   7.9999999999997726     
   8.0000000000000000     
   8.0000000000000000     
   8.0000000000000000     
   8.0000000000000000     
   8.0000000000000000     
   8.0000000000000000     
   8.0000000000000000     
   8.0000000000000000     
   8.0000000000000000     
   8.0000000000000000     
   8.0000000000000000     
   8.0000000000000000     
   7.9999999999997726     
   8.0000000000000000     
   8.0000000000000000     
   8.0000000000000000     
   7.9999999999997726     
   8.0000000000000000     
   8.0000000000000000     
   8.0000000000000000     
   8.0000000000000000     
   7.9999999999997726     
   8.0000000000000000     
   8.0000000000000000     
   8.0000000000000000     
   8.0000000000000000     
   7.9999999999997726     
   8.0000000000000000     
   7.9999999999997726     
   7.9999999999997726     
   8.0000000000000000     
   8.0000000000000000     
   8.0000000000000000     
   7.9999999999997726     
   8.0000000000000000     
   8.0000000000000000     
   8.0000000000000000     
   8.0000000000000000     
   8.0000000000000000     
   7.9999999999997726     
   8.0000000000000000     
   8.0000000000000000     
   7.9999999999995453     
   12.774644086157650     
   8.0000000000000000     
   7.9999999999997726     
   8.0000000000000000     
   15.292479525707904     
   30.279292175774344     
   57.441709831811750     
   91.028276535326313     
   109.98655240775224     
   122.39951939738739     
   130.54982640138496     
   140.26757527421955     
   151.32903037015217     
   163.62137790752831     
   177.68233736742991     
   189.22023855471502     
   195.32899839872562     
   196.17760319572835     
   195.50460201485157     
   196.88017261441314     
   200.61657014850471     
   202.58998223135995     
   207.74275642271300     
   216.03973990283157     
   228.64722839633350     
   238.69325137982901     
   240.14396440602764     
   232.12634953046677     
   218.99780599274163     
   212.04927310588300     
   215.81599560794848     
   223.69436985402467     
   230.75436902733668     
   235.03637739246642     
   237.77279237993002     
   242.35020949470777     
   245.22487874155217     
   247.51506728551772     
   245.27127208786942     
   236.23450668248665     
   223.02636503880967     
   209.85035901981792     
   203.12422596888996     
   205.22895717335905     
   216.68597426355473     
   234.98681103128138     
   255.11473181569409     
   270.58608782067836     
   279.05975358565001     
   280.14299038310946     
   273.79264773209161     
   262.60767977085948     
   252.40499471908993     
   247.54676676555528     
   248.56006054671298     
   252.14702551947721     
   255.33199548895914     
   252.78527910365710     
   244.55423480033483     
   232.69895120896990     
   221.22307238223357     
   210.80440307678191     
   201.11436620354266     
   189.14902553167371     
   172.90324849071271     
   142.24383585068449     
   105.23265913803584     
   76.382774010090088     
   66.250398501591235     
   70.827920510273088     
   81.889352803033034     
   90.421865664511643     
   92.110008341037883     
   89.486416007321168     
   86.787972241769694     
   85.789839607142767     
   86.822659225339066     
   91.344354903494150     
   94.496920449003483     
   98.616661268072676     
   108.03033878392353     
   119.80173692269591     
   133.83218681416429     
   148.92142412831390     
   163.91445144406589     
   172.82711118349198     
   173.71065785295013     
   171.07024597439113     
   162.76814011539545     
   139.07260019645400     
   95.824344964411466     
   48.712819011977899     
   24.458125836908494     
   8.0000000000000000     
   7.0000000000000000     
   7.0000000000002274     
   7.0000000000000000     
   7.0000000000000000     
   7.0000000000000000     
   7.0000000000000000     
   7.0000000000000000     
   7.0000000000000000     
   7.0000000000000000     
   7.0000000000000000     
   7.0000000000000000     
   7.0000000000000000     
   7.0000000000000000     
   7.0000000000000000     
   7.0000000000002274     
   7.0000000000000000     
   7.0000000000000000     
   7.0000000000000000     
   7.0000000000000000     
   7.0000000000000000     
   7.0000000000000000     
   7.0000000000000000     
   7.0000000000000000     
   7.0000000000002274     
   7.0000000000002274     
   7.0000000000000000     
   7.0000000000000000     
   7.0000000000000000     
   7.0000000000002274     
   7.0000000000000000     
   7.0000000000000000     
   7.0000000000000000     
   7.0000000000002274     
   7.0000000000000000     
   7.0000000000000000     
   7.0000000000002274     
   7.0000000000000000     
   7.0000000000000000     
   7.0000000000000000     
   7.0000000000000000     
   7.0000000000000000     
   7.0000000000000000     
   7.0000000000000000     
   7.0000000000002274     
   7.0000000000002274     
   11.177813575388200     
   7.0000000000000000     
   7.0000000000002274     
   7.0000000000000000     
   13.380919584994899     
   26.494380653802409     
   50.261496102835963     
   79.649741968409899     
   96.238233356783212     
   107.09957947271369     
   114.23109810121105     
   122.73412836494231     
   132.41290157388312     
   143.16870566908733     
   155.47204519650199     
   165.56770873537675     
   170.91287359888429     
   171.65540279626339     
   171.06652676299541     
   172.27015103761164     
   175.53949887994168     
   177.26623445244081     
   181.77491186987390     
   189.03477241497762     
   200.06632484679130     
   208.85659495735035     
   210.12596885527341     
   203.11055583915800     
   191.62308024364825     
   185.54311396764729     
   188.83899615695532     
   195.73257362227196     
   201.91007289892036     
   205.65683021840846     
   208.05119333243806     
   212.05643330786961     
   214.57176889885818     
   216.57568387482797     
   214.61236307688569     
   206.70519334717687     
   195.14806940895824     
   183.61906414234090     
   177.73369772277852     
   179.57533752668928     
   189.60022748061010     
   205.61345965237206     
   223.22539033873272     
   236.76282684309240     
   244.17728438744393     
   245.12511658522067     
   239.56856676557982     
   229.78171979950162     
   220.85437037920406     
   216.60342091986104     
   217.49005297837402     
   220.62864732954290     
   223.41549605284035     
   221.18711921570025     
   213.98495545029368     
   203.61158230784872     
   193.57018833445477     
   184.45385269218423     
   175.97507042810003     
   165.50539734021527     
   151.29034242937360     
   124.46335636934987     
   92.078576745781675     
   66.834927258829111     
   57.969098688892700     
   61.974430446488896     
   71.653183702654133     
   79.119132456448824     
   80.596257298408091     
   78.300614006407159     
   75.939475711548766     
   75.066109656249864     
   75.969826822173218     
   79.926310540558006     
   82.684805392878843     
   86.289578609564614     
   94.526546435933142     
   104.82651980736000     
   117.10316346239324     
   130.30624611227404     
   143.42514501355936     
   151.22372228555651     
   151.99682562133057     
   149.68646522759263     
   142.42212260097176     
   121.68852517189725     
   83.846301843859237     
   42.623716635480378     
   21.400860107295557     
   7.0000000000000000     
   6.0000000000000000     
   6.0000000000000000     
   6.0000000000000000     
   6.0000000000000000     
   6.0000000000000000     
   6.0000000000000000     
   6.0000000000000000     
   6.0000000000000000     
   6.0000000000000000     
   6.0000000000000000     
   6.0000000000000000     
   6.0000000000000000     
   6.0000000000000000     
   6.0000000000000000     
   6.0000000000000000     
   6.0000000000000000     
   6.0000000000000000     
   6.0000000000000000     
   6.0000000000000000     
   6.0000000000000000     
   6.0000000000000000     
   6.0000000000000000     
   6.0000000000000000     
   6.0000000000000000     
   6.0000000000000000     
   6.0000000000000000     
   6.0000000000000000     
   6.0000000000000000     
   6.0000000000000000     
   6.0000000000000000     
   6.0000000000000000     
   6.0000000000000000     
   6.0000000000000000     
   6.0000000000000000     
   6.0000000000000000     
   6.0000000000000000     
   6.0000000000000000     
   6.0000000000000000     
   6.0000000000000000     
   6.0000000000000000     
   6.0000000000000000     
   6.0000000000000000     
   6.0000000000000000     
   6.0000000000000000     
   6.0000000000000000     
   9.5809830646187493     
   6.0000000000000000     
   6.0000000000000000     
   6.0000000000000000     
   11.469359644281667     
   22.709469131830929     
   43.081282373859494     
   68.271207401494166     
   82.489914305813500     
   91.799639548040432     
   97.912369801038039     
   105.20068145566552     
   113.49677277761430     
   122.71603343064612     
   133.26175302557340     
   141.91517891603667     
   146.49674879904364     
   147.13320239679615     
   146.62845151113879     
   147.66012946081059     
   150.46242761137842     
   151.94248667352099     
   155.80706731703435     
   162.02980492712368     
   171.48542129725047     
   179.01993853487170     
   180.10797330452056     
   174.09476214784922     
   164.24835449455600     
   159.03695482941180     
   161.86199670596193     
   167.77077739051833     
   173.06577677050359     
   176.27728304435050     
   178.32959428494746     
   181.76265712103145     
   183.91865905616351     
   185.63630046413846     
   183.95345406590195     
   177.17588001186527     
   167.26977377910725     
   157.38776926486389     
   152.34316947666730     
   153.92171788001906     
   162.51448069766548     
   176.24010827346137     
   191.33604886177045     
   202.93956586550871     
   209.29481518923785     
   210.10724278733164     
   205.34448579906962     
   196.95575982814512     
   189.30374603931750     
   185.66007507416725     
   186.42004541003507     
   189.11026913960836     
   191.49899661671998     
   189.58895932774271     
   183.41567610025163     
   174.52421340672777     
   165.91730428667529     
   158.10330230758655     
   150.83577465265694     
   141.86176914875546     
   129.67743636803380     
   106.68287688801320     
   78.924494353526597     
   57.287080507567680     
   49.687798876193028     
   53.120940382705157     
   61.417014602273412     
   67.816399248384187     
   69.082506255776934     
   67.114812005491331     
   65.090979181327384     
   64.342379705356961     
   65.116994419004186     
   68.508266177620953     
   70.872690336752839     
   73.962495951054734     
   81.022754087941394     
   89.851302692022273     
   100.37414011062219     
   111.69106809623509     
   122.93583858304919     
   129.62033338761921     
   130.28299338971283     
   128.30268448079323     
   122.07610508654716     
   104.30445014734096     
   71.868258723307918     
   36.534614258983311     
   18.343594377681256     
   6.0000000000000000     
   5.0000000000000000     
   5.0000000000000000     
   5.0000000000000000     
   5.0000000000000000     
   5.0000000000000000     
   5.0000000000000000     
   5.0000000000000000     
   5.0000000000000000     
   5.0000000000000000     
   5.0000000000000000     
   5.0000000000000000     
   5.0000000000000000     
   5.0000000000000000     
   5.0000000000000000     
   5.0000000000000000     
   5.0000000000000000     
   5.0000000000000000     
   5.0000000000000000     
   5.0000000000000000     
   5.0000000000000000     
   5.0000000000000000     
   5.0000000000000000     
   5.0000000000000000     
   5.0000000000000000     
   5.0000000000000000     
   5.0000000000000000     
   5.0000000000000000     
   5.0000000000000000     
   5.0000000000000000     
   5.0000000000000000     
   5.0000000000000000     
   5.0000000000000000     
   5.0000000000000000     
   5.0000000000000000     
   5.0000000000000000     
   5.0000000000000000     
   5.0000000000000000     
   5.0000000000000000     
   5.0000000000000000     
   5.0000000000000000     
   5.0000000000000000     
   5.0000000000000000     
   5.0000000000000000     
   5.0000000000000000     
   5.0000000000000000     
   7.9841525538479345     
   5.0000000000000000     
   5.0000000000000000     
   5.0000000000000000     
   9.5577997035675253     
   18.924557609858766     
   35.901068644881889     
   56.892672834579798     
   68.741595254844697     
   76.499699623366951     
   81.593641500865488     
   87.667234546387363     
   94.580643981345020     
   102.26336119220537     
   111.05146085464412     
   118.26264909669703     
   122.08062399920232     
   122.61100199733073     
   122.19037625928286     
   123.05010788400887     
   125.38535634281538     
   126.61873889460026     
   129.83922276419503     
   135.02483743926905     
   142.90451774770872     
   149.18328211239282     
   150.08997775376702     
   145.07896845654136     
   136.87362874546329     
   132.53079569117722     
   134.88499725496786     
   139.80898115876539     
   144.22148064208591     
   146.89773587029185     
   148.60799523745595     
   151.46888093419238     
   153.26554921346974     
   154.69691705344849     
   153.29454505491822     
   147.64656667655436     
   139.39147814925605     
   131.15647438738597     
   126.95264123055608     
   128.26809823334929     
   135.42873391472131     
   146.86675689455114     
   159.44670738480909     
   169.11630488792366     
   174.41234599103154     
   175.08936898944307     
   171.12040483255737     
   164.12979985678726     
   157.75312169943118     
   154.71672922847210     
   155.35003784169567     
   157.59189094967383     
   159.58249718059938     
   157.99079943978541     
   152.84639675020935     
   145.43684450560568     
   138.26442023889626     
   131.75275192298841     
   125.69647887721430     
   118.21814095729633     
   108.06453030669513     
   88.902397406678119     
   65.770411961272430     
   47.739233756306021     
   41.406499063494721     
   44.267450318920964     
   51.180845501895419     
   56.513666040319549     
   57.568755213148052     
   55.929010004575503     
   54.242482651106002     
   53.618649754465878     
   54.264162015837428     
   57.090221814684810     
   59.060575280627290     
   61.635413292544854     
   67.518961739951465     
   74.876085576685455     
   83.645116758852510     
   93.075890080196132     
   102.44653215254129     
   108.01694448968237     
   108.56916115809327     
   106.91890373399474     
   101.73008757212256     
   86.920375122782843     
   59.890215602757507     
   30.445511882487153     
   15.286328648067865     
   5.0000000000000000     
   4.0000000000000000     
   4.0000000000000000     
   4.0000000000000000     
   4.0000000000000000     
   4.0000000000000000     
   4.0000000000000000     
   4.0000000000000000     
   4.0000000000000000     
   4.0000000000000000     
   4.0000000000000000     
   4.0000000000000000     
   4.0000000000000000     
   4.0000000000000000     
   4.0000000000000000     
   4.0000000000000000     
   4.0000000000000000     
   4.0000000000000000     
   4.0000000000000000     
   4.0000000000000000     
   4.0000000000000000     
   4.0000000000000000     
   4.0000000000000000     
   4.0000000000000000     
   4.0000000000000000     
   4.0000000000000000     
   4.0000000000000000     
   4.0000000000000000     
   4.0000000000000000     
   4.0000000000000000     
   4.0000000000000000     
   4.0000000000000000     
   4.0000000000000000     
   4.0000000000000000     
   4.0000000000000000     
   4.0000000000000000     
   4.0000000000000000     
   4.0000000000000000     
   4.0000000000000000     
   4.0000000000000000     
   4.0000000000000000     
   4.0000000000000000     
   4.0000000000000000     
   4.0000000000000000     
   4.0000000000000000     
   4.0000000000000000     
   6.3873220430787114     
   4.0000000000000000     
   4.0000000000000000     
   4.0000000000000000     
   7.6462397628542931     
   15.139646087887058     
   28.720854915906557     
   45.514138267663157     
   54.993276203876349     
   61.199759698694152     
   65.274913200692254     
   70.133787637110345     
   75.664515185075970     
   81.810688953764156     
   88.841168683715296     
   94.610119277358308     
   97.664499199362353     
   98.088801597864858     
   97.752301007426013     
   98.440086307206229     
   100.30828507425235     
   101.29499111568111     
   103.87137821135616     
   108.01986995141579     
   114.32361419816698     
   119.34662568991439     
   120.07198220301393     
   116.06317476523350     
   109.49890299637104     
   106.02463655294218     
   107.90799780397424     
   111.84718492701245     
   115.37718451366845     
   117.51818869623366     
   118.88639618996444     
   121.17510474735354     
   122.61243937077620     
   123.75753364275897     
   122.63563604393448     
   118.11725334124390     
   111.51318251940484     
   104.92517950990941     
   101.56211298444509     
   102.61447858667975     
   108.34298713177714     
   117.49340551564137     
   127.55736590784682     
   135.29304391033997     
   139.52987679282478     
   140.07149519155450     
   136.89632386604558     
   131.30383988542940     
   126.20249735954462     
   123.77338338277764     
   124.28003027335626     
   126.07351275973861     
   127.66599774447968     
   126.39263955182787     
   122.27711740016730     
   116.34947560448541     
   110.61153619111678     
   105.40220153839073     
   100.55718310177167     
   94.574512765837198     
   86.451624245356470     
   71.121917925342132     
   52.616329569018262     
   38.191387005044362     
   33.125199250795959     
   35.413960255136317     
   40.944676401516517     
   45.210932832255821     
   46.055004170519624     
   44.743208003661493     
   43.393986120885074     
   42.894919803571611     
   43.411329612669761     
   45.672177451747302     
   47.248460224501741     
   49.308330634036338     
   54.015169391961081     
   59.900868461347727     
   66.916093407081462     
   74.460712064156723     
   81.957225722033854     
   86.413555591746444     
   86.855328926474613     
   85.535122987195791     
   81.384070057698864     
   69.536300098227002     
   47.912172482206188     
   24.356409505989177     
   12.229062918454474     
   4.0000000000000000     
   3.0000000000000000     
   3.0000000000000000     
   3.0000000000000000     
   3.0000000000000000     
   3.0000000000000000     
   3.0000000000000000     
   3.0000000000000000     
   3.0000000000000000     
   3.0000000000000000     
   3.0000000000000000     
   3.0000000000000000     
   3.0000000000000000     
   3.0000000000000000     
   3.0000000000000000     
   3.0000000000000000     
   3.0000000000000000     
   3.0000000000000000     
   3.0000000000000000     
   3.0000000000000000     
   3.0000000000000000     
   3.0000000000000000     
   3.0000000000000000     
   3.0000000000000000     
   3.0000000000000000     
   3.0000000000000000     
   3.0000000000000000     
   3.0000000000000000     
   3.0000000000000000     
   3.0000000000000000     
   3.0000000000000000     
   3.0000000000000000     
   3.0000000000000000     
   3.0000000000000000     
   3.0000000000000000     
   3.0000000000000000     
   3.0000000000000000     
   3.0000000000000000     
   3.0000000000000000     
   3.0000000000000000     
   3.0000000000000000     
   3.0000000000000000     
   3.0000000000000000     
   3.0000000000000000     
   3.0000000000000000     
   3.0000000000000000     
   4.7904915323094883     
   3.0000000000000000     
   3.0000000000000000     
   3.0000000000000000     
   5.7346798221406061     
   11.354734565915123     
   21.540641186929179     
   34.135603700747879     
   41.244957152907318     
   45.899819774020443     
   48.956184900519474     
   52.600340727832645     
   56.748386388807376     
   61.358016715323174     
   66.630876512786699     
   70.957589458018901     
   73.248374399521936     
   73.566601198398530     
   73.314225755569851     
   73.830064730405411     
   75.231213805689094     
   75.971243336760608     
   77.903533658517290     
   81.014902463561612     
   85.742710648625234     
   89.509969267435963     
   90.053986652260619     
   87.047381073924726     
   82.124177247277885     
   79.518477414706467     
   80.930998352980623     
   83.885388695259508     
   86.532888385251681     
   88.138641522175021     
   89.164797142473844     
   90.881328560515840     
   91.959329528082435     
   92.818150232069002     
   91.976727032951430     
   88.587940005933206     
   83.634886889553627     
   78.693884632431718     
   76.171584738333422     
   76.960858940009757     
   81.257240348832966     
   88.120054136731142     
   95.668024430885453     
   101.46978293275447     
   104.64740759461779     
   105.05362139366616     
   102.67224289953379     
   98.477879914072446     
   94.651873019658751     
   92.830037537083172     
   93.210022705017082     
   94.555134569803840     
   95.749498308359534     
   94.794479663871243     
   91.707838050125702     
   87.262106703363543     
   82.958652143337304     
   79.051651153792818     
   75.417887326328810     
   70.930884574377842     
   64.838718184016670     
   53.341438444007281     
   39.462247176762958     
   28.643540253783613     
   24.843899438096742     
   26.560470191352579     
   30.708507301136706     
   33.908199624192093     
   34.541253127889377     
   33.557406002746120     
   32.545489590663237     
   32.171189852678708     
   32.558497209502548     
   34.254133088810704     
   35.436345168376647     
   36.981247975527822     
   40.511377043971152     
   44.925651346012273     
   50.187070055311779     
   55.845534048117315     
   61.467919291525050     
   64.810166693810515     
   65.141496694856414     
   64.151342240396389     
   61.038052543273352     
   52.152225073669797     
   35.934129361653504     
   18.267307129492110     
   9.1717971888410830     
   3.0000000000000000     
   2.0000000000000000     
   2.0000000000000000     
   2.0000000000000000     
   2.0000000000000000     
   2.0000000000000000     
   2.0000000000000000     
   2.0000000000000000     
   2.0000000000000000     
   2.0000000000000000     
   2.0000000000000000     
   2.0000000000000000     
   2.0000000000000000     
   2.0000000000002274     
   2.0000000000000000     
   2.0000000000000000     
   2.0000000000002274     
   2.0000000000002274     
   2.0000000000002274     
   2.0000000000000000     
   2.0000000000000000     
   2.0000000000000000     
   2.0000000000000000     
   2.0000000000000000     
   2.0000000000000000     
   2.0000000000000000     
   2.0000000000002274     
   2.0000000000000000     
   2.0000000000002274     
   2.0000000000000000     
   2.0000000000000000     
   2.0000000000000000     
   2.0000000000000000     
   2.0000000000000000     
   2.0000000000000000     
   2.0000000000000000     
   2.0000000000000000     
   2.0000000000000000     
   2.0000000000000000     
   2.0000000000000000     
   2.0000000000002274     
   2.0000000000000000     
   2.0000000000000000     
   2.0000000000002274     
   2.0000000000000000     
   2.0000000000000000     
   3.1936610215391283     
   2.0000000000000000     
   2.0000000000000000     
   2.0000000000002274     
   3.8231198814273739     
   7.5698230439431882     
   14.360427457952937     
   22.757069133830782     
   27.496638101937833     
   30.599879849346962     
   32.637456600346013     
   35.066893818554718     
   37.832257592538554     
   40.905344476881737     
   44.420584341858330     
   47.305059638679040     
   48.832249599681518     
   49.044400798931292     
   48.876150503712779     
   49.220043153603456     
   50.154142537125836     
   50.647495557840330     
   51.935689105678421     
   54.009934975708347     
   57.161807099083717     
   59.673312844956854     
   60.035991101506397     
   58.031587382616863     
   54.749451498185408     
   53.012318276470978     
   53.953998901987234     
   55.923592463505884     
   57.688592256834227     
   58.759094348116832     
   59.443198094982108     
   60.587552373676999     
   61.306219685387759     
   61.878766821379259     
   61.317818021966787     
   59.058626670622061     
   55.756591259702191     
   52.462589754954024     
   50.781056492222660     
   51.307239293339535     
   54.171493565888795     
   58.746702757820003     
   63.778682953923180     
   67.646521955169646     
   69.764938396412617     
   70.035747595777366     
   68.448161933022902     
   65.651919942714585     
   63.101248679772198     
   61.886691691388933     
   62.140015136678130     
   63.036756379869303     
   63.832998872239386     
   63.196319775914162     
   61.138558700083422     
   58.174737802242134     
   55.305768095558506     
   52.701100769195364     
   50.278591550886404     
   47.287256382918031     
   43.225812122678008     
   35.560958962671293     
   26.308164784509245     
   19.095693502521954     
   16.562599625397525     
   17.706980127567931     
   20.472338200758259     
   22.605466416127456     
   23.027502085259584     
   22.371604001830292     
   21.696993060442310     
   21.447459901786715     
   21.705664806334880     
   22.836088725873651     
   23.624230112251098     
   24.654165317017942     
   27.007584695980768     
   29.950434230674546     
   33.458046703541640     
   37.230356032077907     
   40.978612861017609     
   43.206777795872767     
   43.427664463237761     
   42.767561493597896     
   40.692035028849205     
   34.768150049112592     
   23.956086241103094     
   12.178204752994134     
   6.1145314592267823     
   2.0000000000000000     
   1.0000000000000000     
   1.0000000000000000     
   1.0000000000000000     
   1.0000000000000000     
   1.0000000000000000     
   1.0000000000000000     
   1.0000000000000000     
   1.0000000000000000     
   1.0000000000000000     
   1.0000000000000000     
   1.0000000000000000     
   1.0000000000000000     
   1.0000000000000000     
   1.0000000000000000     
   1.0000000000000000     
   1.0000000000000000     
   1.0000000000000000     
   1.0000000000000000     
   1.0000000000000000     
   1.0000000000000000     
   1.0000000000000000     
   1.0000000000000000     
   1.0000000000000000     
   1.0000000000000000     
   1.0000000000000000     
   1.0000000000000000     
   1.0000000000000000     
   1.0000000000000000     
   1.0000000000000000     
   1.0000000000000000     
   1.0000000000000000     
   1.0000000000000000     
   1.0000000000000000     
   1.0000000000000000     
   1.0000000000000000     
   1.0000000000002274     
   1.0000000000000000     
   1.0000000000000000     
   1.0000000000000000     
   1.0000000000000000     
   1.0000000000000000     
   1.0000000000000000     
   1.0000000000000000     
   1.0000000000000000     
   1.0000000000002274     
   1.5968305107696779     
   1.0000000000000000     
   1.0000000000000000     
   1.0000000000000000     
   1.9115599407139143     
   3.7849115219719351     
   7.1802137289766961     
   11.378534566915732     
   13.748319050969030     
   15.299939924672799     
   16.318728300173007     
   17.533446909277700     
   18.916128796269277     
   20.452672238440982     
   22.210292170929279     
   23.652529819338724     
   24.416124799840645     
   24.522200399465873     
   24.438075251856390     
   24.610021576801728     
   25.077071268562577     
   25.323747778919824     
   25.967844552839551     
   27.004967487853719     
   28.580903549541745     
   29.836656422478654     
   30.017995550753312     
   29.015793691308545     
   27.374725749092477     
   26.506159138235716     
   26.976999450992935     
   27.961796231753169     
   28.844296128417227     
   29.379547174058416     
   29.721599047491509     
   30.293776186838613     
   30.653109842693766     
   30.939383410689970     
   30.658909010983734     
   29.529313335310917     
   27.878295629851436     
   26.231294877477012     
   25.390528246111671     
   25.653619646670450     
   27.085746782944398     
   29.373351378909774     
   31.889341476961135     
   33.823260977584368     
   34.882469198206309     
   35.017873797888342     
   34.224080966511565     
   32.825959971357634     
   31.550624339886099     
   30.943345845694239     
   31.070007568339406     
   31.518378189934765     
   31.916499436119693     
   31.598159887956854     
   30.569279350042052     
   29.087368901121181     
   27.652884047779253     
   26.350550384597454     
   25.139295775442861     
   23.643628191459356     
   21.612906061339118     
   17.780479481335533     
   13.154082392255077     
   9.5478467512621137     
   8.2812998126992170     
   8.8534900637841929     
   10.236169100378902     
   11.302733208063728     
   11.513751042629337     
   11.185802000915828     
   10.848496530221837     
   10.723729950892903     
   10.852832403167213     
   11.418044362937053     
   11.812115056126004     
   12.327082658508516     
   13.503792347990839     
   14.975217115337273     
   16.729023351770138     
   18.615178016038954     
   20.489306430507440     
   21.603388897937293     
   21.713832231620472     
   21.383780746798948     
   20.346017514424602     
   17.384075024556751     
   11.978043120552229     
   6.0891023764975216     
   3.0572657296129364     
   1.0000000000000000     
   0.0000000000000000     
   0.0000000000000000     
   0.0000000000000000     
   0.0000000000000000     
   0.0000000000000000     
   0.0000000000000000     
   0.0000000000000000     
   0.0000000000000000     
   0.0000000000000000     
   0.0000000000000000     
   0.0000000000000000     
   0.0000000000000000     
   0.0000000000000000     
   0.0000000000000000     
   0.0000000000000000     
   0.0000000000000000     
   0.0000000000000000     
   0.0000000000000000     
   0.0000000000000000     
   0.0000000000000000     
   0.0000000000000000     
   0.0000000000000000     
   0.0000000000000000     
   0.0000000000000000     
   0.0000000000000000     
   0.0000000000000000     
   0.0000000000000000     
   0.0000000000000000     
   0.0000000000000000     
   0.0000000000000000     
   0.0000000000000000     
   0.0000000000000000     
   0.0000000000000000     
   0.0000000000000000     
   0.0000000000000000     
   0.0000000000000000     
   0.0000000000000000     
   0.0000000000000000     
   0.0000000000000000     
   0.0000000000000000     
   0.0000000000000000     
   0.0000000000000000     
   0.0000000000000000     
   0.0000000000000000     
   0.0000000000000000     
   0.0000000000000000     
   0.0000000000000000     
   0.0000000000000000     
   0.0000000000000000     
   0.0000000000000000     
   0.0000000000000000     
   0.0000000000000000     
   0.0000000000000000     
   0.0000000000000000     
   0.0000000000000000     
   0.0000000000000000     
   0.0000000000000000     
   0.0000000000000000     
   0.0000000000000000     
   0.0000000000000000     
   0.0000000000000000     
   0.0000000000000000     
   0.0000000000000000     
   0.0000000000000000     
   0.0000000000000000     
   0.0000000000000000     
   0.0000000000000000     
   0.0000000000000000     
   0.0000000000000000     
   0.0000000000000000     
   0.0000000000000000     
   0.0000000000000000     
   0.0000000000000000     
   0.0000000000000000     
   0.0000000000000000     
   0.0000000000000000     
   0.0000000000000000     
   0.0000000000000000     
   0.0000000000000000     
   0.0000000000000000     
   0.0000000000000000     
   0.0000000000000000     
   0.0000000000000000     
   0.0000000000000000     
   0.0000000000000000     
   0.0000000000000000     
   0.0000000000000000     
   0.0000000000000000     
   0.0000000000000000     
   0.0000000000000000     
   0.0000000000000000     
   0.0000000000000000     
   0.0000000000000000     
   0.0000000000000000     
   0.0000000000000000     
   0.0000000000000000     
   0.0000000000000000     
   0.0000000000000000     
   0.0000000000000000     
   0.0000000000000000     
   0.0000000000000000     
   0.0000000000000000     
   0.0000000000000000     
   0.0000000000000000     
   0.0000000000000000     
   0.0000000000000000     
   0.0000000000000000     
   0.0000000000000000     
   0.0000000000000000     
   0.0000000000000000     
   0.0000000000000000     
   0.0000000000000000     
   0.0000000000000000     
   0.0000000000000000     
   0.0000000000000000     
   0.0000000000000000     
   0.0000000000000000     
   0.0000000000000000     
   0.0000000000000000     
   0.0000000000000000     
   0.0000000000000000     
   0.0000000000000000     
   0.0000000000000000     
   0.0000000000000000     
   0.0000000000000000     
   0.0000000000000000     
   0.0000000000000000     
   0.0000000000000000     
   0.0000000000000000     
   0.0000000000000000     
   0.0000000000000000     
   0.0000000000000000     
   0.0000000000000000     
   0.0000000000000000     
   0.0000000000000000     
   0.0000000000000000     
   0.0000000000000000     
   0.0000000000000000     
   0.0000000000000000     
